s 2 59
s 3 54
s 5 73
s 8 44
s 9 59
s 10 54
s 14 43
s 15 68
s 18 43
s 20 72
s 23 73
s 24 64
s 25 47
s 26 70
s 27 80
s 35 75
s 36 74
s 39 55
s 40 63
s 42 44
s 43 76
s 46 50
s 47 62
s 49 63
s 50 64
s 53 40
s 55 75
s 56 55
s 60 57
s 61 42
s 62 47
s 63 60
s 67 48
s 69 49
s 71 54
s 73 45
s 74 53
s 75 70
s 77 79
s 80 79
s 81 53
s 82 58
s 85 49
s 86 73
s 88 63
s 89 50
s 92 80
s 95 49
s 96 49
s 97 47
s 99 70
1 4 78
1 6 71
1 9 50
1 10 68
1 11 50
1 12 49
1 17 63
1 20 48
1 29 48
1 31 75
1 32 57
1 35 65
1 36 64
1 37 52
1 41 47
1 42 67
1 45 71
1 46 78
1 47 76
1 49 56
1 50 48
1 54 55
1 55 65
1 57 47
1 58 61
1 59 80
1 60 41
1 62 71
1 63 47
1 74 56
1 75 47
1 76 69
1 78 48
1 79 78
1 80 64
1 81 65
1 82 68
1 83 58
1 88 71
1 89 58
1 93 56
1 95 53
1 96 76
2 3 78
2 4 49
2 8 73
2 10 50
2 14 43
2 22 49
2 29 42
2 30 73
2 31 50
2 34 41
2 36 77
2 40 80
2 42 56
2 43 71
2 46 66
2 47 68
2 48 73
2 51 80
2 52 45
2 53 65
2 54 40
2 55 61
2 56 45
2 57 64
2 59 68
2 60 80
2 63 60
2 66 50
2 67 49
2 68 58
2 73 60
2 76 55
2 77 79
2 78 41
2 79 70
2 80 72
2 81 50
2 84 67
2 85 77
2 87 40
2 90 49
2 94 44
2 96 45
2 97 64
2 98 79
3 2 78
3 7 43
3 8 61
3 10 77
3 11 50
3 12 53
3 13 78
3 17 52
3 19 54
3 20 79
3 21 77
3 22 69
3 23 61
3 24 59
3 26 76
3 27 56
3 28 52
3 29 71
3 30 79
3 31 51
3 33 42
3 35 51
3 37 78
3 38 77
3 41 55
3 42 68
3 44 50
3 46 74
3 47 40
3 51 72
3 55 50
3 56 64
3 57 75
3 58 64
3 63 58
3 66 48
3 67 64
3 68 42
3 69 75
3 71 74
3 72 50
3 75 51
3 78 47
3 79 69
3 81 64
3 82 47
3 86 60
3 88 66
3 90 41
3 91 77
3 93 53
3 94 69
3 96 42
3 99 55
4 1 78
4 2 49
4 5 60
4 8 60
4 9 74
4 11 67
4 12 51
4 13 42
4 16 45
4 18 42
4 19 63
4 21 58
4 22 80
4 23 69
4 24 41
4 25 54
4 27 56
4 28 54
4 30 55
4 35 45
4 36 69
4 38 64
4 42 76
4 43 43
4 45 45
4 46 78
4 47 69
4 48 49
4 51 62
4 52 46
4 55 55
4 58 78
4 59 78
4 60 44
4 62 56
4 63 61
4 65 46
4 73 63
4 75 59
4 78 54
4 79 71
4 80 52
4 82 63
4 83 55
4 84 50
4 87 42
4 88 70
4 93 70
4 94 40
4 97 45
5 4 60
5 6 58
5 9 50
5 10 55
5 11 42
5 12 70
5 13 76
5 14 59
5 17 57
5 21 49
5 24 41
5 25 74
5 27 55
5 28 42
5 29 53
5 32 79
5 33 52
5 35 45
5 37 42
5 42 68
5 43 58
5 46 64
5 48 44
5 50 70
5 53 61
5 54 53
5 55 46
5 56 69
5 57 80
5 59 40
5 63 48
5 64 68
5 65 71
5 66 46
5 67 41
5 68 40
5 70 73
5 71 43
5 74 67
5 76 46
5 79 68
5 80 49
5 84 79
5 86 57
5 89 76
5 91 61
5 92 69
5 93 64
5 94 69
5 99 76
6 1 71
6 5 58
6 11 68
6 12 63
6 16 51
6 18 78
6 19 55
6 25 66
6 26 50
6 29 55
6 31 46
6 32 54
6 33 63
6 35 62
6 36 61
6 38 48
6 40 64
6 45 69
6 48 78
6 49 68
6 50 75
6 54 56
6 55 46
6 58 68
6 60 54
6 61 54
6 62 53
6 63 74
6 65 51
6 66 61
6 67 52
6 69 74
6 73 72
6 75 63
6 77 75
6 78 73
6 82 61
6 83 48
6 84 52
6 87 70
6 89 40
6 90 76
6 91 41
6 92 41
6 94 52
6 95 42
6 97 69
6 98 54
6 99 76
7 3 43
7 11 61
7 12 42
7 13 48
7 14 78
7 15 53
7 18 70
7 19 76
7 24 71
7 28 60
7 29 76
7 30 43
7 31 61
7 32 51
7 33 58
7 34 75
7 36 60
7 44 41
7 48 62
7 50 47
7 52 70
7 55 59
7 56 74
7 59 59
7 60 46
7 61 42
7 62 69
7 64 52
7 65 77
7 67 76
7 70 72
7 71 43
7 72 42
7 74 41
7 76 72
7 80 48
7 81 55
7 82 53
7 83 62
7 88 50
7 91 72
7 95 63
7 96 46
7 97 53
7 98 64
8 2 73
8 3 61
8 4 60
8 10 70
8 17 62
8 18 67
8 19 54
8 22 49
8 23 52
8 27 59
8 30 73
8 31 63
8 33 45
8 34 50
8 36 51
8 37 46
8 38 43
8 40 59
8 41 53
8 42 60
8 43 74
8 44 71
8 45 50
8 48 76
8 49 45
8 51 50
8 52 62
8 53 79
8 57 54
8 59 56
8 60 59
8 61 76
8 64 46
8 65 51
8 66 52
8 67 44
8 70 43
8 78 45
8 79 72
8 80 53
8 81 45
8 84 60
8 88 46
8 89 67
8 90 50
8 94 45
8 95 47
8 97 41
8 98 42
8 99 73
9 1 50
9 4 74
9 5 50
9 11 64
9 13 46
9 16 72
9 17 73
9 20 72
9 23 42
9 24 40
9 25 51
9 28 77
9 29 59
9 32 60
9 34 44
9 38 65
9 40 66
9 41 51
9 43 63
9 44 79
9 46 74
9 48 54
9 50 71
9 54 65
9 57 51
9 58 44
9 61 65
9 62 44
9 67 65
9 68 51
9 70 71
9 72 66
9 73 57
9 74 67
9 78 79
9 80 76
9 81 44
9 84 47
9 87 60
9 89 60
9 90 56
9 91 48
9 94 46
9 99 42
10 1 68
10 2 50
10 3 77
10 5 55
10 8 70
10 13 53
10 16 72
10 17 40
10 18 51
10 20 50
10 21 76
10 24 79
10 25 50
10 29 60
10 31 63
10 32 61
10 35 63
10 36 60
10 37 60
10 38 52
10 42 65
10 43 45
10 45 71
10 46 58
10 47 62
10 49 52
10 52 60
10 53 68
10 54 70
10 55 66
10 56 79
10 57 49
10 58 76
10 59 62
10 60 74
10 61 51
10 63 43
10 66 41
10 68 51
10 70 42
10 71 77
10 73 52
10 77 46
10 79 80
10 80 74
10 86 54
10 93 48
10 95 60
10 96 40
10 98 75
11 1 50
11 3 50
11 4 67
11 5 42
11 6 68
11 7 61
11 9 64
11 12 52
11 14 64
11 18 51
11 20 74
11 21 76
11 25 42
11 28 75
11 29 49
11 30 55
11 31 53
11 36 49
11 40 78
11 41 78
11 44 79
11 45 58
11 46 71
11 49 73
11 52 74
11 56 43
11 57 52
11 60 58
11 61 68
11 64 75
11 66 67
11 68 68
11 71 64
11 72 47
11 77 79
11 78 74
11 81 62
11 82 44
11 87 43
11 88 66
11 91 59
11 94 77
11 95 56
11 99 61
12 1 49
12 3 53
12 4 51
12 5 70
12 6 63
12 7 42
12 11 52
12 16 42
12 17 76
12 20 74
12 24 44
12 25 79
12 29 59
12 32 69
12 34 40
12 35 40
12 37 62
12 38 45
12 40 63
12 45 70
12 46 47
12 47 67
12 50 71
12 51 63
12 52 41
12 53 66
12 57 63
12 58 74
12 60 79
12 61 70
12 63 70
12 65 53
12 66 49
12 67 72
12 68 54
12 70 71
12 72 75
12 73 70
12 74 52
12 75 59
12 80 45
12 83 65
12 85 70
12 86 78
12 88 68
12 89 74
12 98 44
12 99 65
13 3 78
13 4 42
13 5 76
13 7 48
13 9 46
13 10 53
13 18 40
13 19 52
13 25 71
13 26 74
13 27 40
13 29 41
13 30 67
13 32 43
13 34 75
13 35 59
13 36 64
13 38 59
13 39 56
13 40 60
13 42 73
13 44 45
13 46 62
13 47 75
13 48 45
13 50 48
13 57 75
13 58 61
13 59 58
13 61 42
13 63 77
13 64 66
13 66 46
13 68 56
13 69 60
13 71 54
13 72 47
13 74 58
13 75 63
13 77 64
13 79 63
13 83 80
13 84 45
13 85 65
13 86 52
13 87 66
13 88 80
13 90 64
13 91 49
13 92 79
13 98 78
13 99 47
14 2 43
14 5 59
14 7 78
14 11 64
14 15 79
14 16 44
14 23 75
14 28 68
14 30 46
14 32 61
14 33 61
14 34 58
14 36 63
14 37 46
14 38 71
14 41 59
14 42 40
14 43 46
14 46 68
14 47 58
14 48 46
14 54 69
14 55 70
14 56 62
14 58 47
14 60 40
14 62 66
14 64 76
14 67 60
14 72 51
14 75 53
14 78 41
14 79 75
14 80 63
14 83 63
14 84 42
14 86 79
14 87 66
14 88 47
14 92 54
14 96 69
14 98 70
15 7 53
15 14 79
15 17 46
15 21 56
15 22 48
15 25 73
15 26 75
15 28 50
15 31 61
15 37 43
15 38 76
15 39 40
15 41 47
15 43 75
15 44 51
15 45 52
15 46 48
15 47 43
15 48 48
15 49 67
15 51 73
15 52 50
15 54 68
15 56 64
15 57 49
15 59 48
15 61 54
15 63 80
15 64 43
15 66 80
15 69 68
15 70 62
15 71 60
15 74 41
15 75 78
15 76 48
15 78 46
15 79 48
15 81 59
15 86 43
15 88 62
15 90 58
15 91 70
15 92 63
15 93 63
15 95 45
15 97 79
15 98 41
16 4 45
16 6 51
16 9 72
16 10 72
16 12 42
16 14 44
16 17 69
16 18 62
16 19 61
16 20 75
16 21 45
16 22 57
16 30 55
16 31 68
16 36 64
16 37 77
16 38 51
16 43 43
16 46 59
16 47 51
16 48 73
16 49 75
16 50 74
16 52 59
16 54 68
16 58 74
16 59 73
16 60 73
16 64 43
16 65 59
16 66 68
16 67 65
16 68 46
16 71 43
16 72 75
16 73 56
16 78 49
16 81 46
16 84 41
16 85 57
16 88 69
16 90 51
16 92 53
16 99 55
17 1 63
17 3 52
17 5 57
17 8 62
17 9 73
17 10 40
17 12 76
17 15 46
17 16 69
17 19 48
17 21 77
17 22 68
17 23 66
17 24 80
17 25 72
17 29 78
17 31 77
17 32 69
17 34 78
17 35 73
17 36 42
17 37 69
17 38 77
17 39 45
17 40 43
17 43 74
17 44 50
17 46 53
17 48 44
17 50 79
17 51 50
17 54 59
17 56 64
17 57 47
17 58 48
17 59 63
17 61 55
17 64 42
17 65 76
17 66 50
17 68 53
17 70 79
17 72 50
17 73 76
17 74 80
17 75 80
17 78 53
17 80 45
17 83 66
17 85 46
17 88 46
17 90 71
17 96 60
18 4 42
18 6 78
18 7 70
18 8 67
18 10 51
18 11 51
18 13 40
18 16 62
18 20 48
18 21 47
18 23 65
18 26 51
18 28 62
18 30 79
18 32 52
18 34 60
18 36 46
18 38 64
18 40 47
18 41 47
18 47 62
18 48 58
18 49 79
18 50 42
18 51 45
18 52 44
18 53 73
18 56 45
18 59 64
18 60 60
18 63 79
18 65 76
18 67 71
18 69 41
18 70 80
18 71 64
18 75 79
18 77 56
18 78 43
18 81 56
18 82 40
18 87 64
18 88 55
18 89 50
18 90 51
18 91 57
18 92 51
18 93 52
19 3 54
19 4 63
19 6 55
19 7 76
19 8 54
19 13 52
19 16 61
19 17 48
19 20 77
19 22 76
19 23 68
19 24 46
19 26 47
19 27 71
19 28 63
19 29 42
19 32 52
19 34 40
19 36 62
19 39 60
19 40 51
19 41 49
19 42 42
19 43 71
19 44 56
19 45 59
19 48 47
19 50 49
19 52 56
19 55 45
19 56 66
19 57 42
19 59 59
19 62 41
19 63 73
19 66 80
19 67 68
19 70 56
19 71 46
19 72 50
19 76 75
19 78 67
19 84 61
19 85 47
19 87 62
19 88 53
19 90 48
19 91 49
19 92 43
19 94 74
19 98 58
20 1 48
20 3 79
20 9 72
20 10 50
20 11 74
20 12 74
20 16 75
20 18 48
20 19 77
20 21 50
20 23 49
20 30 78
20 31 44
20 35 46
20 38 65
20 40 54
20 42 43
20 43 71
20 50 41
20 52 55
20 54 52
20 55 50
20 56 63
20 59 79
20 60 60
20 61 76
20 62 70
20 64 55
20 65 55
20 66 77
20 68 76
20 70 78
20 71 47
20 72 57
20 73 48
20 75 67
20 78 80
20 79 68
20 82 71
20 83 70
20 85 59
20 86 77
20 89 60
20 93 40
20 94 69
20 95 64
20 96 56
20 97 78
21 3 77
21 4 58
21 5 49
21 10 76
21 11 76
21 15 56
21 16 45
21 17 77
21 18 47
21 20 50
21 22 74
21 24 56
21 26 52
21 27 47
21 29 54
21 32 56
21 36 71
21 38 44
21 39 56
21 40 75
21 41 42
21 48 45
21 50 58
21 51 51
21 52 76
21 53 75
21 57 79
21 58 47
21 59 71
21 60 55
21 62 56
21 63 53
21 64 59
21 66 55
21 69 56
21 70 48
21 71 68
21 72 79
21 76 49
21 79 45
21 81 67
21 83 75
21 86 47
21 87 60
21 90 71
21 92 59
21 97 63
21 98 59
22 2 49
22 3 69
22 4 80
22 8 49
22 15 48
22 16 57
22 17 68
22 19 76
22 21 74
22 24 71
22 26 73
22 28 77
22 30 80
22 32 42
22 34 45
22 35 53
22 36 50
22 37 54
22 38 62
22 41 59
22 42 52
22 43 54
22 44 64
22 45 46
22 46 45
22 54 65
22 55 60
22 58 61
22 59 48
22 60 51
22 61 59
22 62 43
22 63 57
22 64 71
22 65 80
22 66 79
22 68 77
22 71 69
22 73 73
22 75 43
22 78 41
22 79 52
22 80 56
22 82 44
22 84 45
22 85 57
22 86 47
22 91 62
22 93 59
22 94 47
22 95 48
22 96 42
22 98 52
22 99 60
23 3 61
23 4 69
23 8 52
23 9 42
23 14 75
23 17 66
23 18 65
23 19 68
23 20 49
23 25 73
23 27 55
23 28 79
23 31 47
23 32 51
23 33 57
23 35 78
23 36 50
23 37 43
23 38 62
23 40 75
23 41 47
23 43 79
23 45 76
23 46 45
23 47 43
23 51 59
23 52 70
23 54 52
23 55 74
23 56 40
23 57 47
23 58 46
23 60 79
23 63 53
23 65 47
23 68 62
23 69 59
23 71 64
23 73 53
23 74 75
23 75 77
23 79 68
23 80 50
23 81 52
23 82 51
23 83 44
23 84 79
23 85 55
23 86 57
23 88 59
23 90 52
23 93 59
23 95 76
23 97 74
23 99 61
24 3 59
24 4 41
24 5 41
24 7 71
24 9 40
24 10 79
24 12 44
24 17 80
24 19 46
24 21 56
24 22 71
24 27 68
24 29 74
24 33 57
24 37 62
24 39 78
24 44 68
24 45 74
24 46 54
24 47 73
24 49 50
24 50 71
24 51 73
24 52 78
24 54 62
24 56 69
24 57 40
24 58 40
24 62 72
24 63 45
24 64 59
24 65 72
24 67 53
24 68 55
24 69 64
24 70 53
24 73 57
24 74 59
24 78 58
24 84 56
24 91 77
24 95 42
24 96 76
24 98 75
25 4 54
25 5 74
25 6 66
25 9 51
25 10 50
25 11 42
25 12 79
25 13 71
25 15 73
25 17 72
25 23 73
25 26 59
25 27 56
25 28 41
25 29 74
25 30 51
25 31 66
25 32 58
25 33 53
25 35 53
25 38 69
25 39 51
25 40 71
25 41 66
25 46 56
25 47 41
25 48 41
25 49 59
25 50 52
25 51 74
25 53 79
25 54 69
25 61 60
25 63 60
25 65 75
25 67 68
25 71 66
25 72 79
25 73 79
25 74 55
25 75 73
25 76 78
25 77 66
25 79 70
25 80 58
25 84 62
25 86 52
25 88 65
25 94 45
25 96 50
25 98 71
25 99 45
26 3 76
26 6 50
26 13 74
26 15 75
26 18 51
26 19 47
26 21 52
26 22 73
26 25 59
26 32 68
26 34 55
26 35 60
26 36 45
26 38 72
26 40 57
26 41 50
26 44 68
26 46 55
26 49 71
26 51 50
26 52 65
26 53 45
26 57 47
26 59 40
26 60 50
26 62 69
26 63 41
26 64 57
26 66 65
26 70 45
26 72 51
26 75 72
26 79 80
26 80 43
26 81 63
26 83 42
26 85 46
26 86 54
26 87 63
26 88 50
26 91 64
26 92 52
26 94 43
26 95 71
27 3 56
27 4 56
27 5 55
27 8 59
27 13 40
27 19 71
27 21 47
27 23 55
27 24 68
27 25 56
27 29 75
27 32 56
27 33 44
27 34 68
27 36 64
27 38 45
27 42 68
27 45 71
27 48 66
27 49 40
27 50 75
27 52 42
27 53 73
27 54 45
27 55 68
27 56 80
27 57 53
27 59 74
27 60 57
27 64 72
27 66 56
27 68 79
27 71 61
27 72 60
27 74 75
27 75 58
27 76 46
27 78 66
27 79 62
27 80 41
27 83 51
27 88 55
27 90 68
27 91 58
27 93 45
27 95 65
27 96 76
28 3 52
28 4 54
28 5 42
28 7 60
28 9 77
28 11 75
28 14 68
28 15 50
28 18 62
28 19 63
28 22 77
28 23 79
28 25 41
28 31 52
28 32 57
28 39 64
28 41 55
28 42 65
28 44 78
28 46 49
28 50 58
28 51 65
28 57 72
28 58 67
28 60 60
28 61 75
28 62 80
28 63 62
28 65 55
28 66 44
28 69 46
28 71 65
28 72 66
28 73 80
28 74 47
28 76 57
28 78 59
28 79 73
28 80 67
28 81 68
28 82 45
28 83 70
28 84 77
28 85 61
28 91 52
28 93 46
28 94 50
28 95 68
28 96 79
28 97 55
28 98 52
28 99 54
29 1 48
29 2 42
29 3 71
29 5 53
29 6 55
29 7 76
29 9 59
29 10 60
29 11 49
29 12 59
29 13 41
29 17 78
29 19 42
29 21 54
29 24 74
29 25 74
29 27 75
29 30 53
29 31 59
29 35 78
29 37 49
29 43 41
29 44 60
29 45 56
29 46 67
29 47 41
29 48 56
29 49 60
29 50 74
29 53 55
29 56 60
29 59 73
29 60 80
29 61 61
29 64 63
29 66 42
29 68 79
29 69 66
29 71 44
29 73 56
29 75 42
29 76 53
29 77 58
29 79 74
29 80 47
29 81 53
29 86 80
29 90 72
29 91 55
29 95 51
29 96 67
29 98 68
29 99 66
30 2 73
30 3 79
30 4 55
30 7 43
30 8 73
30 11 55
30 13 67
30 14 46
30 16 55
30 18 79
30 20 78
30 22 80
30 25 51
30 29 53
30 31 67
30 33 71
30 35 68
30 36 55
30 37 80
30 45 74
30 47 53
30 48 76
30 49 48
30 50 62
30 51 55
30 52 69
30 56 40
30 57 62
30 58 56
30 62 59
30 63 50
30 66 45
30 72 51
30 73 73
30 74 74
30 75 56
30 77 62
30 78 55
30 79 77
30 81 45
30 82 57
30 84 74
30 89 77
30 91 63
30 92 67
30 93 76
30 94 77
30 95 71
30 96 66
30 97 56
30 99 45
31 1 75
31 2 50
31 3 51
31 6 46
31 7 61
31 8 63
31 10 63
31 11 53
31 15 61
31 16 68
31 17 77
31 20 44
31 23 47
31 25 66
31 28 52
31 29 59
31 30 67
31 32 42
31 33 45
31 34 79
31 35 52
31 37 57
31 42 64
31 44 80
31 45 74
31 46 54
31 50 68
31 52 54
31 53 68
31 54 59
31 55 55
31 61 60
31 62 64
31 63 80
31 64 58
31 65 70
31 66 42
31 69 63
31 71 55
31 77 59
31 78 43
31 81 63
31 82 67
31 85 64
31 86 71
31 87 70
31 88 52
31 91 52
32 1 57
32 5 79
32 6 54
32 7 51
32 9 60
32 10 61
32 12 69
32 13 43
32 14 61
32 17 69
32 18 52
32 19 52
32 21 56
32 22 42
32 23 51
32 25 58
32 26 68
32 27 56
32 28 57
32 31 42
32 33 69
32 35 40
32 36 48
32 38 56
32 40 55
32 41 68
32 43 60
32 44 57
32 45 69
32 48 46
32 49 52
32 50 43
32 52 77
32 53 40
32 54 48
32 56 58
32 58 78
32 61 78
32 64 57
32 68 41
32 70 66
32 71 76
32 74 62
32 75 69
32 78 58
32 80 75
32 84 47
32 85 60
32 86 40
32 87 55
32 89 42
32 90 49
32 91 48
32 92 53
32 93 50
32 95 41
32 99 51
33 3 42
33 5 52
33 6 63
33 7 58
33 8 45
33 14 61
33 23 57
33 24 57
33 25 53
33 27 44
33 30 71
33 31 45
33 32 69
33 34 58
33 35 71
33 37 53
33 38 64
33 39 44
33 43 78
33 48 73
33 49 66
33 50 52
33 52 55
33 54 74
33 55 47
33 56 62
33 57 72
33 58 63
33 59 41
33 64 47
33 67 44
33 68 63
33 70 46
33 71 79
33 72 48
33 74 53
33 79 65
33 80 65
33 82 56
33 83 78
33 84 44
33 85 78
33 86 58
33 89 40
33 90 55
33 91 63
33 93 48
33 95 47
33 97 72
34 2 41
34 7 75
34 8 50
34 9 44
34 12 40
34 13 75
34 14 58
34 17 78
34 18 60
34 19 40
34 22 45
34 26 55
34 27 68
34 31 79
34 33 58
34 35 60
34 36 49
34 38 58
34 39 60
34 40 52
34 42 42
34 43 43
34 44 41
34 45 78
34 52 68
34 56 71
34 58 47
34 61 58
34 63 42
34 65 56
34 66 44
34 67 75
34 68 54
34 70 55
34 72 62
34 75 46
34 76 71
34 77 63
34 83 72
34 85 62
34 88 76
34 89 55
34 91 57
34 92 74
34 94 55
34 97 42
34 98 68
35 1 65
35 3 51
35 4 45
35 5 45
35 6 62
35 10 63
35 12 40
35 13 59
35 17 73
35 20 46
35 22 53
35 23 78
35 25 53
35 26 60
35 29 78
35 30 68
35 31 52
35 32 40
35 33 71
35 34 60
35 37 47
35 38 61
35 41 77
35 42 51
35 43 73
35 49 55
35 53 68
35 56 67
35 58 67
35 60 56
35 61 69
35 62 49
35 63 67
35 67 61
35 70 52
35 71 52
35 74 46
35 77 56
35 78 57
35 80 63
35 81 58
35 83 50
35 85 50
35 92 50
35 93 79
35 97 52
35 98 79
35 99 70
36 1 64
36 2 77
36 4 69
36 6 61
36 7 60
36 8 51
36 10 60
36 11 49
36 13 64
36 14 63
36 16 64
36 17 42
36 18 46
36 19 62
36 21 71
36 22 50
36 23 50
36 26 45
36 27 64
36 30 55
36 32 48
36 34 49
36 40 71
36 44 57
36 45 70
36 48 58
36 50 44
36 54 40
36 55 60
36 57 69
36 61 60
36 62 65
36 63 70
36 65 69
36 70 73
36 75 46
36 76 70
36 77 50
36 80 71
36 81 60
36 83 50
36 85 76
36 86 78
36 88 58
36 90 52
36 91 61
36 92 52
36 94 80
36 95 45
36 96 73
36 98 46
36 99 69
37 1 52
37 3 78
37 5 42
37 8 46
37 10 60
37 12 62
37 14 46
37 15 43
37 16 77
37 17 69
37 22 54
37 23 43
37 24 62
37 29 49
37 30 80
37 31 57
37 33 53
37 35 47
37 40 71
37 42 72
37 43 80
37 44 65
37 46 67
37 47 80
37 50 71
37 52 72
37 55 49
37 57 43
37 58 56
37 59 76
37 60 51
37 61 49
37 64 43
37 65 43
37 66 59
37 70 45
37 71 73
37 72 49
37 73 65
37 78 43
37 82 68
37 83 59
37 88 78
37 92 68
37 93 62
37 95 40
37 97 65
37 99 70
38 3 77
38 4 64
38 6 48
38 8 43
38 9 65
38 10 52
38 12 45
38 13 59
38 14 71
38 15 76
38 16 51
38 17 77
38 18 64
38 20 65
38 21 44
38 22 62
38 23 62
38 25 69
38 26 72
38 27 45
38 32 56
38 33 64
38 34 58
38 35 61
38 41 49
38 43 43
38 45 59
38 46 75
38 47 62
38 50 64
38 51 46
38 53 77
38 55 55
38 60 66
38 62 40
38 63 53
38 64 59
38 65 46
38 66 43
38 69 66
38 73 40
38 74 61
38 75 54
38 80 77
38 83 77
38 84 80
38 85 61
38 86 66
38 87 44
38 88 48
38 89 70
38 90 48
38 91 70
38 92 46
38 97 58
38 98 52
39 13 56
39 15 40
39 17 45
39 19 60
39 21 56
39 24 78
39 25 51
39 28 64
39 33 44
39 34 60
39 42 73
39 43 71
39 44 46
39 45 66
39 47 46
39 50 74
39 51 77
39 54 60
39 59 80
39 61 47
39 62 44
39 63 43
39 64 45
39 65 76
39 67 66
39 68 63
39 69 67
39 72 78
39 73 72
39 75 60
39 76 61
39 77 79
39 79 53
39 81 60
39 83 66
39 84 73
39 85 57
39 87 61
39 89 47
39 90 43
39 98 72
40 2 80
40 6 64
40 8 59
40 9 66
40 11 78
40 12 63
40 13 60
40 17 43
40 18 47
40 19 51
40 20 54
40 21 75
40 23 75
40 25 71
40 26 57
40 32 55
40 34 52
40 36 71
40 37 71
40 43 49
40 44 59
40 47 74
40 48 74
40 50 44
40 51 59
40 52 60
40 53 60
40 56 50
40 57 45
40 59 67
40 61 78
40 63 64
40 66 49
40 72 68
40 73 58
40 74 50
40 75 61
40 76 70
40 77 72
40 80 75
40 82 44
40 83 47
40 85 67
40 87 76
40 88 51
40 89 63
40 92 80
40 94 58
40 95 40
40 96 40
40 97 75
41 1 47
41 3 55
41 8 53
41 9 51
41 11 78
41 14 59
41 15 47
41 18 47
41 19 49
41 21 42
41 22 59
41 23 47
41 25 66
41 26 50
41 28 55
41 32 68
41 35 77
41 38 49
41 42 47
41 45 54
41 46 62
41 47 45
41 49 73
41 50 69
41 52 56
41 53 74
41 57 41
41 58 52
41 59 63
41 60 50
41 63 72
41 66 47
41 70 69
41 71 49
41 72 66
41 73 75
41 77 60
41 80 51
41 81 74
41 84 56
41 85 73
41 87 73
41 89 80
41 91 77
41 94 60
41 96 50
42 1 67
42 2 56
42 3 68
42 4 76
42 5 68
42 8 60
42 10 65
42 13 73
42 14 40
42 19 42
42 20 43
42 22 52
42 27 68
42 28 65
42 31 64
42 34 42
42 35 51
42 37 72
42 39 73
42 41 47
42 43 49
42 45 69
42 46 52
42 47 54
42 48 57
42 51 78
42 52 46
42 54 74
42 55 72
42 58 72
42 63 46
42 64 71
42 65 52
42 70 47
42 73 53
42 74 47
42 75 49
42 76 73
42 77 54
42 78 80
42 79 76
42 80 67
42 82 78
42 83 53
42 85 62
42 87 61
42 88 65
42 90 46
42 93 56
42 94 50
42 95 78
42 98 50
43 2 71
43 4 43
43 5 58
43 8 74
43 9 63
43 10 45
43 14 46
43 15 75
43 16 43
43 17 74
43 19 71
43 20 71
43 22 54
43 23 79
43 29 41
43 32 60
43 33 78
43 34 43
43 35 73
43 37 80
43 38 43
43 39 71
43 40 49
43 42 49
43 45 71
43 49 57
43 50 57
43 53 40
43 54 78
43 58 78
43 59 44
43 60 75
43 64 59
43 65 59
43 66 53
43 67 62
43 69 52
43 70 58
43 71 43
43 74 77
43 75 59
43 83 61
43 84 80
43 89 78
43 91 54
43 93 75
43 96 71
44 3 50
44 7 41
44 8 71
44 9 79
44 11 79
44 13 45
44 15 51
44 17 50
44 19 56
44 22 64
44 24 68
44 26 68
44 28 78
44 29 60
44 31 80
44 32 57
44 34 41
44 36 57
44 37 65
44 39 46
44 40 59
44 45 52
44 47 80
44 49 46
44 50 72
44 51 51
44 52 45
44 54 76
44 57 75
44 58 70
44 61 66
44 63 51
44 66 56
44 67 76
44 71 64
44 73 73
44 75 77
44 79 66
44 81 46
44 82 40
44 84 59
44 85 78
44 87 76
44 88 69
44 90 67
44 91 58
44 93 77
44 94 49
44 95 48
44 96 64
44 97 61
45 1 71
45 4 45
45 6 69
45 8 50
45 10 71
45 11 58
45 12 70
45 15 52
45 19 59
45 22 46
45 23 76
45 24 74
45 27 71
45 29 56
45 30 74
45 31 74
45 32 69
45 34 78
45 36 70
45 38 59
45 39 66
45 41 54
45 42 69
45 43 71
45 44 52
45 47 72
45 48 45
45 49 70
45 55 41
45 56 41
45 58 74
45 59 57
45 61 46
45 62 53
45 64 68
45 65 75
45 68 76
45 71 79
45 73 75
45 75 45
45 76 62
45 77 54
45 79 75
45 83 57
45 85 75
45 87 67
45 90 51
45 92 56
45 95 77
45 96 65
45 97 67
46 1 78
46 2 66
46 3 74
46 4 78
46 5 64
46 9 74
46 10 58
46 11 71
46 12 47
46 13 62
46 14 68
46 15 48
46 16 59
46 17 53
46 22 45
46 23 45
46 24 54
46 25 56
46 26 55
46 28 49
46 29 67
46 31 54
46 37 67
46 38 75
46 41 62
46 42 52
46 47 78
46 48 74
46 49 56
46 54 64
46 57 68
46 59 54
46 60 68
46 62 52
46 65 79
46 67 73
46 68 48
46 73 75
46 74 48
46 75 46
46 77 48
46 80 58
46 83 54
46 86 52
46 89 54
46 92 57
46 95 48
46 99 79
47 1 76
47 2 68
47 3 40
47 4 69
47 10 62
47 12 67
47 13 75
47 14 58
47 15 43
47 16 51
47 18 62
47 23 43
47 24 73
47 25 41
47 29 41
47 30 53
47 37 80
47 38 62
47 39 46
47 40 74
47 41 45
47 42 54
47 44 80
47 45 72
47 46 78
47 48 53
47 51 77
47 53 43
47 55 72
47 57 46
47 59 47
47 60 43
47 61 60
47 62 58
47 63 63
47 66 56
47 68 43
47 71 59
47 74 44
47 76 49
47 77 48
47 79 46
47 80 63
47 85 61
47 86 44
47 89 75
47 92 71
47 94 45
47 95 50
47 96 46
47 97 47
47 99 56
48 2 73
48 4 49
48 5 44
48 6 78
48 7 62
48 8 76
48 9 54
48 13 45
48 14 46
48 15 48
48 16 73
48 17 44
48 18 58
48 19 47
48 21 45
48 25 41
48 27 66
48 29 56
48 30 76
48 32 46
48 33 73
48 36 58
48 40 74
48 42 57
48 45 45
48 46 74
48 47 53
48 51 57
48 53 67
48 54 60
48 58 77
48 62 74
48 63 58
48 65 41
48 71 80
48 72 40
48 73 72
48 74 42
48 76 46
48 77 40
48 78 43
48 79 51
48 80 47
48 81 50
48 82 66
48 84 59
48 87 74
48 88 59
48 89 58
48 90 68
48 93 67
48 94 42
48 97 45
48 98 60
48 99 75
49 1 56
49 6 68
49 8 45
49 10 52
49 11 73
49 15 67
49 16 75
49 18 79
49 24 50
49 25 59
49 26 71
49 27 40
49 29 60
49 30 48
49 32 52
49 33 66
49 35 55
49 41 73
49 43 57
49 44 46
49 45 70
49 46 56
49 50 60
49 51 68
49 52 48
49 53 65
49 56 62
49 57 46
49 60 75
49 61 53
49 63 77
49 64 75
49 65 80
49 70 58
49 72 43
49 73 68
49 76 61
49 77 71
49 79 75
49 81 55
49 82 40
49 84 40
49 86 40
49 87 74
49 89 64
49 90 59
49 95 59
49 99 55
50 1 48
50 5 70
50 6 75
50 7 47
50 9 71
50 12 71
50 13 48
50 16 74
50 17 79
50 18 42
50 19 49
50 20 41
50 21 58
50 24 71
50 25 52
50 27 75
50 28 58
50 29 74
50 30 62
50 31 68
50 32 43
50 33 52
50 36 44
50 37 71
50 38 64
50 39 74
50 40 44
50 41 69
50 43 57
50 44 72
50 49 60
50 53 72
50 54 47
50 58 42
50 60 71
50 63 61
50 64 63
50 65 47
50 66 47
50 73 69
50 75 42
50 77 73
50 81 73
50 82 42
50 83 49
50 88 54
50 89 57
50 90 61
50 91 41
50 92 54
50 93 65
50 94 66
50 99 75
51 2 80
51 3 72
51 4 62
51 8 50
51 12 63
51 15 73
51 17 50
51 18 45
51 21 51
51 23 59
51 24 73
51 25 74
51 26 50
51 28 65
51 30 55
51 38 46
51 39 77
51 40 59
51 42 78
51 44 51
51 47 77
51 48 57
51 49 68
51 53 47
51 54 50
51 56 45
51 57 56
51 58 64
51 59 74
51 64 54
51 68 45
51 70 79
51 71 51
51 74 69
51 79 77
51 80 46
51 81 59
51 82 56
51 83 62
51 85 76
51 90 41
51 91 76
51 92 49
51 93 64
51 94 72
51 96 62
51 97 46
51 99 47
52 2 45
52 4 46
52 7 70
52 8 62
52 10 60
52 11 74
52 12 41
52 15 50
52 16 59
52 18 44
52 19 56
52 20 55
52 21 76
52 23 70
52 24 78
52 26 65
52 27 42
52 30 69
52 31 54
52 32 77
52 33 55
52 34 68
52 37 72
52 40 60
52 41 56
52 42 46
52 44 45
52 49 48
52 55 79
52 56 60
52 57 80
52 60 61
52 61 52
52 67 80
52 69 72
52 72 52
52 75 71
52 77 40
52 78 75
52 81 69
52 84 64
52 86 48
52 90 69
52 95 62
52 97 46
52 98 76
52 99 46
53 2 65
53 5 61
53 8 79
53 10 68
53 12 66
53 18 73
53 21 75
53 25 79
53 26 45
53 27 73
53 29 55
53 31 68
53 32 40
53 35 68
53 38 77
53 40 60
53 41 74
53 43 40
53 47 43
53 48 67
53 49 65
53 50 72
53 51 47
53 54 52
53 55 69
53 56 41
53 58 63
53 59 55
53 62 63
53 63 49
53 66 45
53 68 57
53 69 67
53 70 77
53 71 54
53 73 60
53 74 65
53 77 63
53 78 67
53 79 51
53 81 54
53 82 69
53 83 58
53 86 42
53 88 64
53 91 41
53 92 43
53 93 80
53 97 48
54 1 55
54 2 40
54 5 53
54 6 56
54 9 65
54 10 70
54 14 69
54 15 68
54 16 68
54 17 59
54 20 52
54 22 65
54 23 52
54 24 62
54 25 69
54 27 45
54 31 59
54 32 48
54 33 74
54 36 40
54 39 60
54 42 74
54 43 78
54 44 76
54 46 64
54 48 60
54 50 47
54 51 50
54 53 52
54 58 53
54 59 77
54 62 75
54 63 58
54 68 48
54 69 48
54 70 80
54 71 64
54 76 66
54 80 65
54 85 72
54 87 64
54 88 69
54 93 58
54 95 69
54 98 47
54 99 71
55 1 65
55 2 61
55 3 50
55 4 55
55 5 46
55 6 46
55 7 59
55 10 66
55 14 70
55 19 45
55 20 50
55 22 60
55 23 74
55 27 68
55 31 55
55 33 47
55 36 60
55 37 49
55 38 55
55 42 72
55 45 41
55 47 72
55 52 79
55 53 69
55 57 57
55 59 52
55 60 71
55 61 45
55 62 68
55 64 40
55 65 58
55 67 72
55 68 60
55 69 57
55 70 75
55 73 44
55 77 63
55 78 44
55 81 78
55 82 75
55 83 52
55 86 72
55 87 45
55 89 42
55 92 79
55 93 46
55 96 66
55 98 80
55 99 63
56 2 45
56 3 64
56 5 69
56 7 74
56 10 79
56 11 43
56 14 62
56 15 64
56 17 64
56 18 45
56 19 66
56 20 63
56 23 40
56 24 69
56 27 80
56 29 60
56 30 40
56 32 58
56 33 62
56 34 71
56 35 67
56 40 50
56 45 41
56 49 62
56 51 45
56 52 60
56 53 41
56 57 53
56 58 76
56 62 49
56 63 49
56 64 66
56 65 56
56 66 60
56 67 73
56 74 54
56 77 66
56 78 52
56 80 49
56 82 78
56 84 40
56 86 66
56 87 50
56 88 44
57 1 47
57 2 64
57 3 75
57 5 80
57 8 54
57 9 51
57 10 49
57 11 52
57 12 63
57 13 75
57 15 49
57 17 47
57 19 42
57 21 79
57 23 47
57 24 40
57 26 47
57 27 53
57 28 72
57 30 62
57 33 72
57 36 69
57 37 43
57 40 45
57 41 41
57 44 75
57 46 68
57 47 46
57 49 46
57 51 56
57 52 80
57 55 57
57 56 53
57 59 55
57 60 70
57 61 52
57 62 52
57 65 70
57 66 66
57 74 52
57 75 58
57 77 69
57 79 64
57 80 74
57 81 61
57 84 64
57 87 45
57 89 76
57 92 56
57 94 79
57 95 72
57 96 64
58 1 61
58 3 64
58 4 78
58 6 68
58 9 44
58 10 76
58 12 74
58 13 61
58 14 47
58 16 74
58 17 48
58 21 47
58 22 61
58 23 46
58 24 40
58 28 67
58 30 56
58 32 78
58 33 63
58 34 47
58 35 67
58 37 56
58 41 52
58 42 72
58 43 78
58 44 70
58 45 74
58 48 77
58 50 42
58 51 64
58 53 63
58 54 53
58 56 76
58 59 79
58 62 78
58 63 49
58 64 57
58 68 78
58 69 65
58 72 68
58 75 63
58 78 65
58 80 54
58 82 77
58 84 56
58 87 46
58 89 71
58 92 64
58 93 68
58 96 64
59 1 80
59 2 68
59 4 78
59 5 40
59 7 59
59 8 56
59 10 62
59 13 58
59 15 48
59 16 73
59 17 63
59 18 64
59 19 59
59 20 79
59 21 71
59 22 48
59 26 40
59 27 74
59 29 73
59 33 41
59 37 76
59 39 80
59 40 67
59 41 63
59 43 44
59 45 57
59 46 54
59 47 47
59 51 74
59 53 55
59 54 77
59 55 52
59 57 55
59 58 79
59 60 65
59 61 58
59 63 72
59 64 44
59 67 51
59 68 56
59 71 70
59 72 45
59 75 49
59 76 55
59 78 78
59 79 59
59 80 68
59 81 44
59 82 50
59 84 41
59 88 51
59 90 41
59 91 52
59 92 61
59 97 42
59 99 66
60 1 41
60 2 80
60 4 44
60 6 54
60 7 46
60 8 59
60 10 74
60 11 58
60 12 79
60 14 40
60 16 73
60 18 60
60 20 60
60 21 55
60 22 51
60 23 79
60 26 50
60 27 57
60 28 60
60 29 80
60 35 56
60 37 51
60 38 66
60 41 50
60 43 75
60 46 68
60 47 43
60 49 75
60 50 71
60 52 61
60 55 71
60 57 70
60 59 65
60 62 42
60 63 62
60 70 57
60 72 78
60 75 75
60 77 41
60 78 46
60 79 72
60 81 50
60 86 46
60 87 70
60 91 62
60 93 57
60 95 48
60 96 44
60 98 63
61 6 54
61 7 42
61 8 76
61 9 65
61 10 51
61 11 68
61 12 70
61 13 42
61 15 54
61 17 55
61 20 76
61 22 59
61 25 60
61 28 75
61 29 61
61 31 60
61 32 78
61 34 58
61 35 69
61 36 60
61 37 49
61 39 47
61 40 78
61 44 66
61 45 46
61 47 60
61 49 53
61 52 52
61 55 45
61 57 52
61 59 58
61 64 44
61 66 68
61 69 49
61 72 51
61 75 70
61 76 50
61 77 70
61 79 77
61 80 76
61 82 71
61 84 42
61 85 40
61 86 75
61 87 65
61 88 73
61 92 56
61 95 47
61 96 52
61 97 55
61 99 77
62 1 71
62 4 56
62 6 53
62 7 69
62 9 44
62 14 66
62 19 41
62 20 70
62 21 56
62 22 43
62 24 72
62 26 69
62 28 80
62 30 59
62 31 64
62 35 49
62 36 65
62 38 40
62 39 44
62 45 53
62 46 52
62 47 58
62 48 74
62 53 63
62 54 75
62 55 68
62 56 49
62 57 52
62 58 78
62 60 42
62 64 67
62 66 40
62 67 80
62 68 80
62 73 67
62 75 52
62 78 67
62 82 50
62 83 42
62 84 49
62 85 49
62 87 73
62 89 61
62 90 75
62 91 64
62 93 45
62 99 66
63 1 47
63 2 60
63 3 58
63 4 61
63 5 48
63 6 74
63 10 43
63 12 70
63 13 77
63 15 80
63 18 79
63 19 73
63 21 53
63 22 57
63 23 53
63 24 45
63 25 60
63 26 41
63 28 62
63 30 50
63 31 80
63 34 42
63 35 67
63 36 70
63 38 53
63 39 43
63 40 64
63 41 72
63 42 46
63 44 51
63 47 63
63 48 58
63 49 77
63 50 61
63 53 49
63 54 58
63 56 49
63 58 49
63 59 72
63 60 62
63 64 65
63 66 48
63 67 62
63 68 44
63 70 78
63 71 52
63 73 80
63 75 58
63 78 64
63 79 64
63 80 43
63 81 70
63 84 79
63 87 50
63 88 75
63 89 54
63 90 41
63 91 42
63 95 50
63 97 71
64 5 68
64 7 52
64 8 46
64 11 75
64 13 66
64 14 76
64 15 43
64 16 43
64 17 42
64 20 55
64 21 59
64 22 71
64 24 59
64 26 57
64 27 72
64 29 63
64 31 58
64 32 57
64 33 47
64 37 43
64 38 59
64 39 45
64 42 71
64 43 59
64 45 68
64 49 75
64 50 63
64 51 54
64 55 40
64 56 66
64 58 57
64 59 44
64 61 44
64 62 67
64 63 65
64 65 75
64 67 66
64 68 61
64 69 46
64 70 52
64 71 77
64 76 77
64 78 48
64 80 61
64 83 47
64 84 47
64 85 76
64 86 53
64 89 78
64 90 60
64 91 47
64 92 40
64 93 48
64 94 53
64 96 55
64 99 45
65 4 46
65 5 71
65 6 51
65 7 77
65 8 51
65 12 53
65 16 59
65 17 76
65 18 76
65 20 55
65 22 80
65 23 47
65 24 72
65 25 75
65 28 55
65 31 70
65 34 56
65 36 69
65 37 43
65 38 46
65 39 76
65 42 52
65 43 59
65 45 75
65 46 79
65 48 41
65 49 80
65 50 47
65 55 58
65 56 56
65 57 70
65 64 75
65 67 79
65 71 67
65 75 79
65 78 64
65 79 49
65 84 70
65 85 73
65 87 56
65 88 76
65 90 68
65 91 49
65 99 70
66 2 50
66 3 48
66 5 46
66 6 61
66 8 52
66 10 41
66 11 67
66 12 49
66 13 46
66 15 80
66 16 68
66 17 50
66 19 80
66 20 77
66 21 55
66 22 79
66 26 65
66 27 56
66 28 44
66 29 42
66 30 45
66 31 42
66 34 44
66 37 59
66 38 43
66 40 49
66 41 47
66 43 53
66 44 56
66 47 56
66 50 47
66 53 45
66 56 60
66 57 66
66 61 68
66 62 40
66 63 48
66 67 79
66 68 60
66 69 44
66 70 49
66 72 58
66 76 71
66 77 52
66 78 62
66 79 49
66 80 80
66 84 70
66 85 72
66 86 54
66 88 65
66 89 45
66 90 44
66 91 43
66 92 67
67 2 49
67 3 64
67 5 41
67 6 52
67 7 76
67 8 44
67 9 65
67 12 72
67 14 60
67 16 65
67 18 71
67 19 68
67 24 53
67 25 68
67 33 44
67 34 75
67 35 61
67 39 66
67 43 62
67 44 76
67 46 73
67 52 80
67 55 72
67 56 73
67 59 51
67 62 80
67 63 62
67 64 66
67 65 79
67 66 79
67 71 59
67 72 67
67 73 44
67 76 51
67 77 47
67 79 77
67 83 56
67 85 46
67 86 63
67 87 78
67 88 42
67 91 79
67 96 52
67 97 52
68 2 58
68 3 42
68 5 40
68 9 51
68 10 51
68 11 68
68 12 54
68 13 56
68 16 46
68 17 53
68 20 76
68 22 77
68 23 62
68 24 55
68 27 79
68 29 79
68 32 41
68 33 63
68 34 54
68 39 63
68 45 76
68 46 48
68 47 43
68 51 45
68 53 57
68 54 48
68 55 60
68 58 78
68 59 56
68 62 80
68 63 44
68 64 61
68 66 60
68 69 57
68 70 43
68 72 65
68 74 74
68 75 77
68 76 53
68 77 73
68 84 76
68 86 48
68 87 55
68 88 56
68 90 42
68 92 78
68 93 40
68 94 63
68 96 40
68 99 74
69 3 75
69 6 74
69 13 60
69 15 68
69 18 41
69 21 56
69 23 59
69 24 64
69 28 46
69 29 66
69 31 63
69 38 66
69 39 67
69 43 52
69 52 72
69 53 67
69 54 48
69 55 57
69 58 65
69 61 49
69 64 46
69 66 44
69 68 57
69 71 63
69 74 64
69 75 74
69 76 55
69 77 51
69 78 70
69 80 59
69 81 75
69 83 78
69 84 71
69 87 75
69 93 45
69 98 79
69 99 75
70 5 73
70 7 72
70 8 43
70 9 71
70 10 42
70 12 71
70 15 62
70 17 79
70 18 80
70 19 56
70 20 78
70 21 48
70 24 53
70 26 45
70 32 66
70 33 46
70 34 55
70 35 52
70 36 73
70 37 45
70 41 69
70 42 47
70 43 58
70 49 58
70 51 79
70 53 77
70 54 80
70 55 75
70 60 57
70 63 78
70 64 52
70 66 49
70 68 43
70 73 79
70 74 45
70 76 41
70 77 55
70 78 73
70 79 42
70 81 77
70 82 64
70 83 59
70 84 77
70 86 72
70 87 42
70 88 77
70 89 52
70 91 42
70 93 80
70 99 80
71 3 74
71 5 43
71 7 43
71 10 77
71 11 64
71 13 54
71 15 60
71 16 43
71 18 64
71 19 46
71 20 47
71 21 68
71 22 69
71 23 64
71 25 66
71 27 61
71 28 65
71 29 44
71 31 55
71 32 76
71 33 79
71 35 52
71 37 73
71 41 49
71 43 43
71 44 64
71 45 79
71 47 59
71 48 80
71 51 51
71 53 54
71 54 64
71 59 70
71 63 52
71 64 77
71 65 67
71 67 59
71 69 63
71 72 54
71 73 52
71 74 67
71 77 60
71 78 60
71 80 76
71 81 63
71 83 45
71 84 43
71 87 48
71 90 55
71 94 54
71 95 50
71 96 64
71 98 74
71 99 67
72 3 50
72 7 42
72 9 66
72 11 47
72 12 75
72 13 47
72 14 51
72 16 75
72 17 50
72 19 50
72 20 57
72 21 79
72 25 79
72 26 51
72 27 60
72 28 66
72 30 51
72 33 48
72 34 62
72 37 49
72 39 78
72 40 68
72 41 66
72 48 40
72 49 43
72 52 52
72 58 68
72 59 45
72 60 78
72 61 51
72 66 58
72 67 67
72 68 65
72 71 54
72 73 53
72 74 65
72 75 42
72 78 46
72 80 73
72 81 60
72 82 49
72 83 51
72 85 44
72 90 61
72 92 57
72 96 52
72 99 65
73 2 60
73 4 63
73 6 72
73 9 57
73 10 52
73 12 70
73 16 56
73 17 76
73 20 48
73 22 73
73 23 53
73 24 57
73 25 79
73 28 80
73 29 56
73 30 73
73 37 65
73 38 40
73 39 72
73 40 58
73 41 75
73 42 53
73 44 73
73 45 75
73 46 75
73 48 72
73 49 68
73 50 69
73 53 60
73 55 44
73 62 67
73 63 80
73 67 44
73 70 79
73 71 52
73 72 53
73 77 78
73 79 74
73 81 68
73 82 63
73 86 49
73 87 65
73 89 54
73 91 50
73 93 48
73 94 40
73 95 45
73 96 66
74 1 56
74 5 67
74 7 41
74 9 67
74 12 52
74 13 58
74 15 41
74 17 80
74 23 75
74 24 59
74 25 55
74 27 75
74 28 47
74 30 74
74 32 62
74 33 53
74 35 46
74 38 61
74 40 50
74 42 47
74 43 77
74 46 48
74 47 44
74 48 42
74 51 69
74 53 65
74 56 54
74 57 52
74 68 74
74 69 64
74 70 45
74 71 67
74 72 65
74 76 41
74 77 76
74 78 55
74 81 79
74 82 46
74 83 72
74 86 41
74 88 67
74 89 41
74 93 49
74 94 68
74 95 50
74 97 57
74 98 69
74 99 61
75 1 47
75 3 51
75 4 59
75 6 63
75 12 59
75 13 63
75 14 53
75 15 78
75 17 80
75 18 79
75 20 67
75 22 43
75 23 77
75 25 73
75 26 72
75 27 58
75 29 42
75 30 56
75 32 69
75 34 46
75 36 46
75 38 54
75 39 60
75 40 61
75 42 49
75 43 59
75 44 77
75 45 45
75 46 46
75 50 42
75 52 71
75 57 58
75 58 63
75 59 49
75 60 75
75 61 70
75 62 52
75 63 58
75 65 79
75 68 77
75 69 74
75 72 42
75 78 80
75 79 76
75 82 57
75 84 69
75 89 58
75 91 54
75 92 45
75 93 75
75 97 62
75 99 47
76 1 69
76 2 55
76 5 46
76 7 72
76 15 48
76 19 75
76 21 49
76 25 78
76 27 46
76 28 57
76 29 53
76 34 71
76 36 70
76 39 61
76 40 70
76 42 73
76 45 62
76 47 49
76 48 46
76 49 61
76 54 66
76 59 55
76 61 50
76 64 77
76 66 71
76 67 51
76 68 53
76 69 55
76 70 41
76 74 41
76 77 54
76 80 77
76 83 56
76 84 61
76 89 42
76 90 71
76 95 41
76 96 57
76 97 51
76 98 52
77 2 79
77 6 75
77 10 46
77 11 79
77 13 64
77 18 56
77 25 66
77 29 58
77 30 62
77 31 59
77 34 63
77 35 56
77 36 50
77 39 79
77 40 72
77 41 60
77 42 54
77 45 54
77 46 48
77 47 48
77 48 40
77 49 71
77 50 73
77 52 40
77 53 63
77 55 63
77 56 66
77 57 69
77 60 41
77 61 70
77 66 52
77 67 47
77 68 73
77 69 51
77 70 55
77 71 60
77 73 78
77 74 76
77 76 54
77 78 49
77 79 45
77 85 79
77 92 44
77 93 56
77 94 50
77 99 72
78 1 48
78 2 41
78 3 47
78 4 54
78 6 73
78 8 45
78 9 79
78 11 74
78 14 41
78 15 46
78 16 49
78 17 53
78 18 43
78 19 67
78 20 80
78 22 41
78 24 58
78 27 66
78 28 59
78 30 55
78 31 43
78 32 58
78 35 57
78 37 43
78 42 80
78 48 43
78 52 75
78 53 67
78 55 44
78 56 52
78 58 65
78 59 78
78 60 46
78 62 67
78 63 64
78 64 48
78 65 64
78 66 62
78 69 70
78 70 73
78 71 60
78 72 46
78 74 55
78 75 80
78 77 49
78 79 65
78 85 74
78 86 75
78 87 46
78 88 77
78 89 52
78 90 56
78 91 75
78 92 62
78 95 65
78 96 45
78 99 56
79 1 78
79 2 70
79 3 69
79 4 71
79 5 68
79 8 72
79 10 80
79 13 63
79 14 75
79 15 48
79 20 68
79 21 45
79 22 52
79 23 68
79 25 70
79 26 80
79 27 62
79 28 73
79 29 74
79 30 77
79 33 65
79 39 53
79 42 76
79 44 66
79 45 75
79 47 46
79 48 51
79 49 75
79 51 77
79 53 51
79 57 64
79 59 59
79 60 72
79 61 77
79 63 64
79 65 49
79 66 49
79 67 77
79 70 42
79 73 74
79 75 76
79 77 45
79 78 65
79 80 60
79 82 47
79 84 68
79 87 56
79 89 76
79 93 60
79 96 54
79 97 65
79 98 55
80 1 64
80 2 72
80 4 52
80 5 49
80 7 48
80 8 53
80 9 76
80 10 74
80 12 45
80 14 63
80 17 45
80 22 56
80 23 50
80 25 58
80 26 43
80 27 41
80 28 67
80 29 47
80 32 75
80 33 65
80 35 63
80 36 71
80 38 77
80 40 75
80 41 51
80 42 67
80 46 58
80 47 63
80 48 47
80 51 46
80 54 65
80 56 49
80 57 74
80 58 54
80 59 68
80 61 76
80 63 43
80 64 61
80 66 80
80 69 59
80 71 76
80 72 73
80 76 77
80 79 60
80 81 52
80 83 66
80 85 69
80 87 75
80 88 67
80 91 54
80 93 55
80 94 45
80 96 52
80 98 70
81 1 65
81 2 50
81 3 64
81 7 55
81 8 45
81 9 44
81 11 62
81 15 59
81 16 46
81 18 56
81 21 67
81 23 52
81 26 63
81 28 68
81 29 53
81 30 45
81 31 63
81 35 58
81 36 60
81 39 60
81 41 74
81 44 46
81 48 50
81 49 55
81 50 73
81 51 59
81 52 69
81 53 54
81 55 78
81 57 61
81 59 44
81 60 50
81 63 70
81 69 75
81 70 77
81 71 63
81 72 60
81 73 68
81 74 79
81 80 52
81 82 80
81 83 44
81 85 61
81 86 67
81 87 69
81 88 71
81 89 69
81 91 49
81 92 44
81 93 48
81 94 52
81 95 49
81 97 56
81 98 53
81 99 63
82 1 68
82 3 47
82 4 63
82 6 61
82 7 53
82 11 44
82 18 40
82 20 71
82 22 44
82 23 51
82 28 45
82 30 57
82 31 67
82 33 56
82 37 68
82 40 44
82 42 78
82 44 40
82 48 66
82 49 40
82 50 42
82 51 56
82 53 69
82 55 75
82 56 78
82 58 77
82 59 50
82 61 71
82 62 50
82 70 64
82 72 49
82 73 63
82 74 46
82 75 57
82 79 47
82 81 80
82 83 57
82 84 53
82 87 67
82 88 54
82 89 59
82 90 54
82 91 59
82 94 63
82 95 70
82 99 72
83 1 58
83 4 55
83 6 48
83 7 62
83 12 65
83 13 80
83 14 63
83 17 66
83 20 70
83 21 75
83 23 44
83 26 42
83 27 51
83 28 70
83 33 78
83 34 72
83 35 50
83 36 50
83 37 59
83 38 77
83 39 66
83 40 47
83 42 53
83 43 61
83 45 57
83 46 54
83 50 49
83 51 62
83 53 58
83 55 52
83 62 42
83 64 47
83 67 56
83 69 78
83 70 59
83 71 45
83 72 51
83 74 72
83 76 56
83 80 66
83 81 44
83 82 57
83 87 54
83 88 58
83 90 77
83 91 44
83 93 48
83 94 46
83 95 49
83 96 56
83 97 74
83 98 45
84 2 67
84 4 50
84 5 79
84 6 52
84 8 60
84 9 47
84 13 45
84 14 42
84 16 41
84 19 61
84 22 45
84 23 79
84 24 56
84 25 62
84 28 77
84 30 74
84 32 47
84 33 44
84 38 80
84 39 73
84 41 56
84 43 80
84 44 59
84 48 59
84 49 40
84 52 64
84 56 40
84 57 64
84 58 56
84 59 41
84 61 42
84 62 49
84 63 79
84 64 47
84 65 70
84 66 70
84 68 76
84 69 71
84 70 77
84 71 43
84 75 69
84 76 61
84 79 68
84 82 53
84 85 77
84 87 53
84 91 46
84 92 51
84 93 72
84 94 50
84 95 61
84 96 51
84 99 68
85 2 77
85 12 70
85 13 65
85 16 57
85 17 46
85 19 47
85 20 59
85 22 57
85 23 55
85 26 46
85 28 61
85 31 64
85 32 60
85 33 78
85 34 62
85 35 50
85 36 76
85 38 61
85 39 57
85 40 67
85 41 73
85 42 62
85 44 78
85 45 75
85 47 61
85 51 76
85 54 72
85 61 40
85 62 49
85 64 76
85 65 73
85 66 72
85 67 46
85 72 44
85 77 79
85 78 74
85 80 69
85 81 61
85 84 77
85 86 76
85 87 64
85 89 50
85 90 48
85 92 48
85 93 80
85 95 57
85 96 41
85 98 71
85 99 58
86 3 60
86 5 57
86 10 54
86 12 78
86 13 52
86 14 79
86 15 43
86 20 77
86 21 47
86 22 47
86 23 57
86 25 52
86 26 54
86 29 80
86 31 71
86 32 40
86 33 58
86 36 78
86 38 66
86 46 52
86 47 44
86 49 40
86 52 48
86 53 42
86 55 72
86 56 66
86 60 46
86 61 75
86 64 53
86 66 54
86 67 63
86 68 48
86 70 72
86 73 49
86 74 41
86 78 75
86 81 67
86 85 76
86 87 64
86 89 58
86 90 49
86 92 73
86 93 43
86 94 53
86 99 50
87 2 40
87 4 42
87 6 70
87 9 60
87 11 43
87 13 66
87 14 66
87 18 64
87 19 62
87 21 60
87 26 63
87 31 70
87 32 55
87 38 44
87 39 61
87 40 76
87 41 73
87 42 61
87 44 76
87 45 67
87 48 74
87 49 74
87 54 64
87 55 45
87 56 50
87 57 45
87 58 46
87 60 70
87 61 65
87 62 73
87 63 50
87 65 56
87 67 78
87 68 55
87 69 75
87 70 42
87 71 48
87 73 65
87 78 46
87 79 56
87 80 75
87 81 69
87 82 67
87 83 54
87 84 53
87 85 64
87 86 64
87 90 41
87 91 56
87 92 55
87 94 40
87 95 73
87 98 53
87 99 74
88 1 71
88 3 66
88 4 70
88 7 50
88 8 46
88 11 66
88 12 68
88 13 80
88 14 47
88 15 62
88 16 69
88 17 46
88 18 55
88 19 53
88 23 59
88 25 65
88 26 50
88 27 55
88 31 52
88 34 76
88 36 58
88 37 78
88 38 48
88 40 51
88 42 65
88 44 69
88 48 59
88 50 54
88 53 64
88 54 69
88 56 44
88 59 51
88 61 73
88 63 75
88 65 76
88 66 65
88 67 42
88 68 56
88 70 77
88 74 67
88 78 77
88 80 67
88 81 71
88 82 54
88 83 58
88 90 44
88 95 75
88 99 60
89 1 58
89 5 76
89 6 40
89 8 67
89 9 60
89 12 74
89 18 50
89 20 60
89 30 77
89 32 42
89 33 40
89 34 55
89 38 70
89 39 47
89 40 63
89 41 80
89 43 78
89 46 54
89 47 75
89 48 58
89 49 64
89 50 57
89 55 42
89 57 76
89 58 71
89 62 61
89 63 54
89 64 78
89 66 45
89 70 52
89 73 54
89 74 41
89 75 58
89 76 42
89 78 52
89 79 76
89 81 69
89 82 59
89 85 50
89 86 58
89 92 63
89 94 48
89 97 73
89 98 72
89 99 65
90 2 49
90 3 41
90 6 76
90 8 50
90 9 56
90 13 64
90 15 58
90 16 51
90 17 71
90 18 51
90 19 48
90 21 71
90 23 52
90 27 68
90 29 72
90 32 49
90 33 55
90 36 52
90 38 48
90 39 43
90 42 46
90 44 67
90 45 51
90 48 68
90 49 59
90 50 61
90 51 41
90 52 69
90 59 41
90 62 75
90 63 41
90 64 60
90 65 68
90 66 44
90 68 42
90 71 55
90 72 61
90 76 71
90 78 56
90 82 54
90 83 77
90 85 48
90 86 49
90 87 41
90 88 44
90 93 52
90 96 60
90 97 41
90 98 40
90 99 68
91 3 77
91 5 61
91 6 41
91 7 72
91 9 48
91 11 59
91 13 49
91 15 70
91 18 57
91 19 49
91 22 62
91 24 77
91 26 64
91 27 58
91 28 52
91 29 55
91 30 63
91 31 52
91 32 48
91 33 63
91 34 57
91 36 61
91 38 70
91 41 77
91 43 54
91 44 58
91 50 41
91 51 76
91 53 41
91 59 52
91 60 62
91 62 64
91 63 42
91 64 47
91 65 49
91 66 43
91 67 79
91 70 42
91 73 50
91 75 54
91 78 75
91 80 54
91 81 49
91 82 59
91 83 44
91 84 46
91 87 56
91 92 71
91 94 74
91 99 43
92 5 69
92 6 41
92 13 79
92 14 54
92 15 63
92 16 53
92 18 51
92 19 43
92 21 59
92 26 52
92 30 67
92 32 53
92 34 74
92 35 50
92 36 52
92 37 68
92 38 46
92 40 80
92 45 56
92 46 57
92 47 71
92 50 54
92 51 49
92 53 43
92 55 79
92 57 56
92 58 64
92 59 61
92 61 56
92 64 40
92 66 67
92 68 78
92 72 57
92 75 45
92 77 44
92 78 62
92 81 44
92 84 51
92 85 48
92 86 73
92 87 55
92 89 63
92 91 71
92 94 54
92 95 45
92 96 65
92 98 43
92 99 53
93 1 56
93 3 53
93 4 70
93 5 64
93 10 48
93 15 63
93 18 52
93 20 40
93 22 59
93 23 59
93 27 45
93 28 46
93 30 76
93 32 50
93 33 48
93 35 79
93 37 62
93 42 56
93 43 75
93 44 77
93 48 67
93 50 65
93 51 64
93 53 80
93 54 58
93 55 46
93 58 68
93 60 57
93 62 45
93 64 48
93 68 40
93 69 45
93 70 80
93 73 48
93 74 49
93 75 75
93 77 56
93 79 60
93 80 55
93 81 48
93 83 48
93 84 72
93 85 80
93 86 43
93 90 52
93 94 49
93 95 71
93 96 40
93 99 76
94 2 44
94 3 69
94 4 40
94 5 69
94 6 52
94 8 45
94 9 46
94 11 77
94 19 74
94 20 69
94 22 47
94 25 45
94 26 43
94 28 50
94 30 77
94 34 55
94 36 80
94 40 58
94 41 60
94 42 50
94 44 49
94 47 45
94 48 42
94 50 66
94 51 72
94 57 79
94 64 53
94 68 63
94 71 54
94 73 40
94 74 68
94 77 50
94 80 45
94 81 52
94 82 63
94 83 46
94 84 50
94 86 53
94 87 40
94 89 48
94 91 74
94 92 54
94 93 49
94 96 41
94 97 46
94 98 51
94 99 73
95 1 53
95 6 42
95 7 63
95 8 47
95 10 60
95 11 56
95 15 45
95 20 64
95 22 48
95 23 76
95 24 42
95 26 71
95 27 65
95 28 68
95 29 51
95 30 71
95 32 41
95 33 47
95 36 45
95 37 40
95 40 40
95 42 78
95 44 48
95 45 77
95 46 48
95 47 50
95 49 59
95 52 62
95 54 69
95 57 72
95 60 48
95 61 47
95 63 50
95 71 50
95 73 45
95 74 50
95 76 41
95 78 65
95 81 49
95 82 70
95 83 49
95 84 61
95 85 57
95 87 73
95 88 75
95 92 45
95 93 71
95 98 72
95 99 53
96 1 76
96 2 45
96 3 42
96 7 46
96 10 40
96 14 69
96 17 60
96 20 56
96 22 42
96 24 76
96 25 50
96 27 76
96 28 79
96 29 67
96 30 66
96 36 73
96 40 40
96 41 50
96 43 71
96 44 64
96 45 65
96 47 46
96 51 62
96 55 66
96 57 64
96 58 64
96 60 44
96 61 52
96 64 55
96 67 52
96 68 40
96 71 64
96 72 52
96 73 66
96 76 57
96 78 45
96 79 54
96 80 52
96 83 56
96 84 51
96 85 41
96 90 60
96 92 65
96 93 40
96 94 41
96 98 55
97 2 64
97 4 45
97 6 69
97 7 53
97 8 41
97 15 79
97 20 78
97 21 63
97 23 74
97 28 55
97 30 56
97 33 72
97 34 42
97 35 52
97 37 65
97 38 58
97 40 75
97 44 61
97 45 67
97 47 47
97 48 45
97 51 46
97 52 46
97 53 48
97 59 42
97 61 55
97 63 71
97 67 52
97 74 57
97 75 62
97 76 51
97 79 65
97 81 56
97 83 74
97 89 73
97 90 41
97 94 46
98 2 79
98 6 54
98 7 64
98 8 42
98 10 75
98 12 44
98 13 78
98 14 70
98 15 41
98 19 58
98 21 59
98 22 52
98 24 75
98 25 71
98 28 52
98 29 68
98 34 68
98 35 79
98 36 46
98 38 52
98 39 72
98 42 50
98 48 60
98 52 76
98 54 47
98 55 80
98 60 63
98 69 79
98 71 74
98 74 69
98 76 52
98 79 55
98 80 70
98 81 53
98 83 45
98 85 71
98 87 53
98 89 72
98 90 40
98 92 43
98 94 51
98 95 72
98 96 55
98 99 80
3 t 55
5 t 76
6 t 76
8 t 73
9 t 42
11 t 61
12 t 65
13 t 47
16 t 55
22 t 60
23 t 61
25 t 45
28 t 54
29 t 66
30 t 45
32 t 51
35 t 70
36 t 69
37 t 70
46 t 79
47 t 56
48 t 75
49 t 55
50 t 75
51 t 47
52 t 46
54 t 71
55 t 63
59 t 66
61 t 77
62 t 66
64 t 45
65 t 70
68 t 74
69 t 75
70 t 80
71 t 67
72 t 65
74 t 61
75 t 47
77 t 72
78 t 56
81 t 63
82 t 72
84 t 68
85 t 58
86 t 50
87 t 74
88 t 60
89 t 65
90 t 68
91 t 43
92 t 53
93 t 76
94 t 73
95 t 53
98 t 80
