s 2 79
s 3 45
s 9 68
s 10 54
s 12 79
s 13 67
s 18 53
s 20 80
s 21 65
s 22 70
s 26 51
s 27 53
s 30 69
s 31 66
s 32 69
s 33 44
s 36 62
s 38 50
s 41 52
s 46 60
s 47 49
s 48 70
s 52 44
s 53 44
s 57 46
s 59 43
s 61 46
s 68 76
s 69 64
s 70 63
s 71 57
s 73 67
s 75 79
s 76 54
s 77 48
s 78 42
s 80 74
s 82 66
s 85 70
s 88 77
s 91 65
s 93 63
s 95 57
s 96 79
s 98 40
1 2 41
1 3 45
1 5 68
1 6 53
1 7 56
1 8 73
1 9 68
1 11 47
1 14 66
1 16 68
1 17 72
1 19 63
1 21 50
1 22 54
1 23 42
1 26 71
1 28 55
1 30 61
1 31 42
1 32 55
1 34 66
1 36 44
1 37 48
1 38 47
1 39 63
1 40 73
1 41 56
1 42 46
1 45 66
1 46 66
1 47 57
1 50 56
1 51 79
1 52 40
1 53 41
1 54 72
1 55 41
1 59 50
1 61 48
1 64 66
1 66 54
1 67 55
1 68 47
1 70 62
1 72 42
1 73 76
1 74 41
1 75 62
1 77 56
1 78 58
1 79 42
1 80 51
1 84 51
1 85 67
1 86 65
1 87 48
1 90 75
1 91 75
1 92 79
1 94 47
1 96 58
1 97 80
1 98 41
1 99 55
2 1 41
2 3 64
2 5 44
2 6 79
2 7 44
2 9 80
2 10 69
2 11 47
2 13 50
2 14 46
2 15 46
2 16 58
2 17 62
2 18 70
2 19 56
2 20 59
2 25 47
2 27 72
2 28 44
2 29 74
2 30 59
2 32 64
2 33 73
2 35 60
2 37 70
2 39 56
2 40 60
2 43 50
2 44 68
2 45 60
2 47 49
2 50 71
2 51 62
2 52 49
2 54 68
2 55 76
2 57 53
2 59 52
2 62 64
2 64 66
2 65 78
2 68 53
2 69 67
2 70 62
2 72 74
2 74 47
2 75 43
2 76 47
2 77 71
2 78 60
2 79 75
2 80 49
2 82 43
2 84 72
2 86 55
2 88 58
2 89 51
2 91 47
2 92 65
2 93 41
2 97 56
2 98 79
3 1 45
3 2 64
3 4 56
3 5 45
3 6 77
3 10 56
3 13 40
3 17 74
3 18 78
3 19 44
3 21 44
3 22 75
3 23 44
3 26 67
3 28 58
3 29 78
3 31 41
3 32 53
3 33 42
3 35 56
3 38 44
3 39 47
3 43 69
3 45 46
3 46 43
3 47 59
3 48 40
3 52 71
3 57 66
3 59 42
3 61 80
3 62 74
3 65 41
3 66 55
3 67 76
3 68 70
3 69 55
3 70 62
3 71 50
3 72 78
3 73 65
3 74 60
3 75 56
3 76 40
3 77 78
3 78 74
3 79 71
3 80 47
3 82 40
3 83 50
3 84 69
3 85 71
3 88 72
3 89 45
3 91 62
3 94 44
3 95 56
3 99 56
4 3 56
4 7 68
4 9 74
4 11 76
4 13 73
4 17 63
4 19 73
4 21 60
4 24 73
4 27 73
4 29 76
4 30 76
4 31 47
4 34 79
4 38 43
4 40 63
4 41 54
4 42 69
4 43 41
4 44 70
4 45 78
4 47 54
4 49 59
4 50 76
4 52 79
4 53 40
4 54 61
4 55 59
4 56 60
4 58 44
4 60 41
4 62 54
4 64 65
4 66 67
4 67 41
4 69 76
4 70 75
4 71 74
4 73 40
4 74 41
4 75 65
4 78 48
4 79 56
4 80 58
4 81 50
4 82 54
4 83 56
4 84 53
4 85 60
4 86 59
4 87 63
4 88 40
4 91 45
4 92 44
4 93 71
4 95 70
4 96 50
4 97 62
4 98 65
5 1 68
5 2 44
5 3 45
5 7 62
5 8 43
5 9 67
5 11 69
5 12 78
5 14 61
5 15 50
5 16 63
5 20 54
5 21 73
5 22 61
5 23 72
5 24 47
5 25 80
5 27 79
5 28 64
5 29 52
5 36 40
5 37 64
5 39 46
5 40 69
5 41 71
5 44 70
5 45 59
5 49 62
5 51 68
5 52 44
5 53 41
5 54 54
5 55 46
5 56 59
5 58 47
5 61 51
5 63 47
5 64 78
5 65 45
5 66 75
5 67 53
5 68 56
5 69 62
5 70 41
5 71 50
5 72 52
5 73 61
5 74 62
5 78 80
5 79 49
5 80 56
5 81 72
5 83 79
5 84 60
5 86 64
5 87 62
5 88 46
5 89 54
5 90 52
5 91 64
5 93 77
5 97 69
5 99 49
6 1 53
6 2 79
6 3 77
6 7 55
6 10 74
6 11 70
6 12 51
6 13 50
6 16 69
6 17 77
6 18 53
6 19 62
6 20 74
6 22 72
6 25 78
6 26 52
6 27 52
6 29 72
6 30 46
6 31 42
6 32 46
6 33 59
6 34 59
6 35 53
6 37 74
6 41 51
6 43 77
6 44 60
6 45 63
6 49 53
6 50 57
6 51 49
6 52 43
6 53 67
6 54 49
6 56 72
6 59 72
6 61 53
6 63 77
6 65 71
6 66 43
6 67 75
6 68 44
6 69 53
6 71 72
6 72 63
6 75 73
6 77 47
6 80 53
6 84 75
6 85 75
6 86 50
6 89 47
6 93 50
6 94 72
6 96 67
6 97 50
6 98 41
6 99 47
7 1 56
7 2 44
7 4 68
7 5 62
7 6 55
7 8 57
7 9 47
7 10 44
7 11 71
7 12 48
7 13 57
7 15 48
7 16 66
7 17 64
7 19 53
7 20 65
7 25 71
7 26 79
7 29 78
7 30 74
7 31 54
7 33 71
7 34 69
7 35 47
7 36 59
7 39 51
7 40 80
7 41 49
7 42 80
7 43 46
7 44 46
7 45 50
7 46 79
7 47 68
7 48 48
7 49 58
7 50 59
7 51 58
7 54 63
7 55 76
7 57 59
7 58 54
7 59 77
7 60 77
7 61 71
7 63 60
7 65 75
7 67 79
7 68 41
7 69 69
7 74 44
7 75 50
7 76 51
7 77 64
7 78 77
7 79 72
7 81 50
7 82 73
7 83 51
7 84 51
7 86 76
7 87 71
7 88 78
7 89 59
7 90 62
7 91 53
7 92 49
7 95 46
7 98 47
7 99 66
8 1 73
8 5 43
8 7 57
8 9 45
8 10 64
8 11 56
8 12 43
8 13 70
8 14 60
8 17 65
8 18 69
8 21 78
8 22 47
8 23 65
8 24 69
8 25 45
8 26 55
8 27 78
8 28 64
8 29 59
8 30 56
8 32 57
8 34 80
8 35 43
8 36 57
8 38 55
8 39 78
8 41 42
8 42 46
8 43 76
8 44 74
8 45 60
8 46 45
8 47 78
8 52 57
8 57 52
8 59 57
8 60 73
8 61 52
8 62 78
8 64 57
8 65 46
8 68 74
8 69 62
8 71 53
8 72 45
8 74 43
8 79 53
8 81 53
8 82 79
8 83 68
8 86 80
8 87 77
8 89 47
8 94 44
8 96 62
8 98 43
8 99 57
9 1 68
9 2 80
9 4 74
9 5 67
9 7 47
9 8 45
9 11 54
9 13 68
9 17 73
9 18 68
9 19 73
9 20 64
9 21 57
9 23 59
9 24 78
9 27 42
9 28 76
9 29 74
9 31 69
9 32 69
9 34 65
9 35 70
9 36 55
9 37 65
9 39 50
9 40 73
9 42 60
9 43 47
9 44 61
9 45 79
9 46 52
9 47 41
9 50 44
9 53 61
9 54 66
9 56 63
9 57 76
9 58 76
9 59 77
9 61 75
9 63 79
9 64 43
9 66 54
9 69 59
9 70 65
9 71 61
9 72 50
9 73 54
9 74 77
9 75 47
9 76 44
9 78 67
9 79 55
9 81 51
9 82 76
9 83 73
9 84 69
9 85 77
9 86 52
9 87 80
9 88 66
9 89 64
9 90 55
9 92 73
9 95 43
9 97 72
10 2 69
10 3 56
10 6 74
10 7 44
10 8 64
10 11 51
10 14 65
10 17 62
10 19 61
10 20 78
10 21 48
10 22 72
10 23 62
10 25 71
10 26 44
10 29 52
10 30 41
10 32 46
10 34 70
10 36 54
10 37 40
10 38 55
10 39 57
10 42 57
10 45 72
10 46 72
10 47 45
10 49 63
10 50 62
10 51 76
10 52 58
10 53 65
10 54 51
10 55 69
10 56 55
10 57 62
10 60 43
10 61 53
10 62 47
10 63 40
10 64 70
10 65 63
10 69 41
10 70 40
10 71 50
10 73 53
10 74 66
10 75 79
10 76 48
10 77 80
10 79 65
10 80 62
10 81 53
10 83 71
10 84 75
10 85 70
10 86 47
10 87 40
10 88 63
10 89 48
10 90 56
10 91 71
10 93 80
10 94 48
10 95 68
10 97 50
10 98 44
10 99 63
11 1 47
11 2 47
11 4 76
11 5 69
11 6 70
11 7 71
11 8 56
11 9 54
11 10 51
11 12 49
11 13 68
11 14 73
11 16 76
11 18 66
11 19 78
11 21 55
11 22 51
11 23 65
11 24 49
11 27 42
11 28 71
11 30 41
11 31 50
11 32 41
11 33 58
11 35 79
11 39 46
11 40 70
11 41 65
11 42 56
11 43 55
11 44 47
11 45 47
11 46 70
11 47 56
11 49 49
11 51 72
11 52 68
11 53 64
11 54 45
11 56 69
11 59 58
11 61 45
11 62 61
11 64 45
11 68 79
11 73 45
11 74 44
11 78 51
11 80 52
11 84 61
11 85 78
11 86 70
11 89 73
11 90 69
11 92 64
11 94 42
11 97 46
11 98 53
12 5 78
12 6 51
12 7 48
12 8 43
12 11 49
12 13 46
12 16 55
12 17 76
12 21 71
12 22 40
12 26 40
12 27 52
12 29 60
12 31 80
12 37 69
12 39 58
12 43 49
12 44 68
12 45 53
12 47 47
12 48 77
12 52 63
12 55 73
12 56 73
12 61 57
12 63 40
12 65 60
12 67 71
12 68 42
12 70 41
12 72 43
12 73 77
12 74 71
12 76 47
12 78 66
12 79 62
12 81 46
12 82 68
12 86 65
12 87 72
12 88 55
12 90 60
12 91 53
12 92 79
12 94 72
12 99 47
13 2 50
13 3 40
13 4 73
13 6 50
13 7 57
13 8 70
13 9 68
13 11 68
13 12 46
13 16 60
13 19 40
13 22 44
13 24 58
13 25 49
13 27 75
13 29 42
13 33 75
13 35 68
13 36 54
13 37 57
13 40 53
13 41 63
13 43 46
13 45 50
13 46 51
13 47 40
13 50 64
13 51 74
13 55 42
13 56 64
13 58 73
13 59 75
13 60 46
13 61 62
13 62 41
13 63 76
13 66 69
13 67 61
13 68 44
13 69 54
13 70 66
13 71 76
13 72 56
13 73 50
13 74 45
13 75 78
13 77 57
13 78 58
13 79 73
13 82 43
13 83 67
13 84 64
13 85 59
13 87 45
13 88 46
13 89 70
13 91 57
13 92 60
13 93 62
13 94 71
13 96 51
13 98 73
13 99 69
14 1 66
14 2 46
14 5 61
14 8 60
14 10 65
14 11 73
14 15 55
14 16 42
14 17 67
14 19 61
14 20 53
14 21 59
14 25 47
14 26 74
14 27 71
14 28 68
14 29 40
14 30 63
14 31 52
14 32 56
14 34 75
14 35 45
14 37 80
14 38 66
14 41 64
14 44 69
14 47 68
14 48 43
14 49 42
14 50 59
14 51 63
14 53 70
14 54 65
14 56 42
14 58 64
14 59 53
14 60 62
14 61 59
14 62 73
14 63 41
14 65 74
14 66 76
14 67 48
14 68 74
14 71 71
14 74 70
14 75 67
14 78 80
14 79 58
14 80 67
14 81 57
14 83 67
14 84 78
14 87 77
14 91 66
14 92 42
14 93 71
14 94 65
14 95 56
15 2 46
15 5 50
15 7 48
15 14 55
15 16 45
15 17 58
15 18 76
15 19 52
15 20 41
15 21 49
15 23 59
15 24 67
15 25 60
15 28 63
15 29 60
15 30 65
15 31 66
15 32 75
15 33 41
15 34 41
15 36 48
15 37 44
15 38 72
15 39 70
15 41 80
15 42 46
15 43 76
15 44 52
15 45 71
15 46 78
15 47 67
15 48 75
15 50 62
15 51 68
15 52 71
15 54 45
15 55 60
15 56 47
15 58 67
15 59 46
15 60 44
15 65 79
15 66 42
15 69 73
15 71 51
15 74 44
15 75 67
15 77 46
15 80 54
15 82 75
15 84 75
15 86 64
15 88 56
15 90 42
15 92 72
15 93 79
15 94 47
15 95 41
15 96 60
15 98 53
16 1 68
16 2 58
16 5 63
16 6 69
16 7 66
16 11 76
16 12 55
16 13 60
16 14 42
16 15 45
16 17 79
16 19 79
16 21 52
16 23 72
16 25 61
16 26 65
16 27 59
16 28 42
16 29 71
16 30 60
16 32 45
16 33 52
16 34 65
16 36 70
16 37 67
16 38 63
16 41 64
16 44 74
16 45 73
16 46 49
16 47 68
16 48 69
16 49 57
16 50 76
16 51 75
16 52 58
16 54 55
16 55 44
16 56 73
16 59 55
16 60 76
16 63 50
16 64 54
16 65 59
16 66 67
16 68 52
16 71 60
16 72 68
16 74 59
16 75 70
16 76 70
16 77 44
16 79 52
16 80 66
16 82 48
16 84 57
16 88 57
16 91 56
16 92 68
16 93 67
16 94 74
16 97 72
16 98 43
17 1 72
17 2 62
17 3 74
17 4 63
17 6 77
17 7 64
17 8 65
17 9 73
17 10 62
17 12 76
17 14 67
17 15 58
17 16 79
17 18 77
17 20 66
17 21 70
17 22 53
17 23 44
17 24 43
17 26 66
17 27 50
17 28 65
17 29 44
17 30 79
17 33 50
17 34 53
17 35 49
17 37 47
17 38 77
17 39 49
17 46 40
17 50 52
17 51 54
17 52 64
17 55 54
17 56 55
17 61 45
17 62 79
17 63 43
17 64 62
17 66 67
17 67 65
17 70 62
17 71 77
17 72 61
17 74 51
17 75 57
17 77 74
17 79 52
17 80 72
17 81 60
17 83 47
17 84 47
17 85 64
17 87 47
17 88 40
17 90 50
17 91 80
17 92 67
17 93 52
17 95 69
17 99 65
18 2 70
18 3 78
18 6 53
18 8 69
18 9 68
18 11 66
18 15 76
18 17 77
18 19 56
18 21 63
18 22 68
18 24 50
18 25 75
18 29 48
18 31 54
18 32 63
18 34 66
18 35 45
18 36 49
18 37 46
18 38 77
18 39 79
18 42 40
18 44 53
18 45 42
18 46 67
18 49 65
18 52 40
18 54 53
18 57 58
18 58 79
18 61 63
18 62 70
18 63 53
18 65 59
18 66 60
18 68 63
18 69 51
18 70 76
18 71 54
18 74 54
18 85 57
18 86 49
18 87 58
18 88 80
18 89 62
18 91 46
18 92 43
18 95 49
18 96 44
18 98 43
18 99 52
19 1 63
19 2 56
19 3 44
19 4 73
19 6 62
19 7 53
19 9 73
19 10 61
19 11 78
19 13 40
19 14 61
19 15 52
19 16 79
19 18 56
19 20 80
19 22 41
19 24 60
19 25 72
19 26 46
19 31 52
19 35 62
19 36 43
19 38 52
19 40 61
19 42 79
19 43 71
19 44 54
19 49 49
19 50 72
19 51 51
19 52 78
19 54 71
19 60 74
19 62 43
19 63 49
19 65 63
19 68 59
19 70 68
19 71 48
19 73 77
19 75 48
19 76 66
19 87 78
19 89 55
19 90 69
19 92 74
19 95 45
19 98 63
19 99 48
20 2 59
20 5 54
20 6 74
20 7 65
20 9 64
20 10 78
20 14 53
20 15 41
20 17 66
20 19 80
20 21 63
20 23 62
20 24 80
20 25 67
20 26 78
20 29 70
20 30 66
20 31 68
20 32 45
20 33 75
20 34 75
20 36 65
20 39 42
20 41 66
20 42 41
20 43 64
20 45 59
20 47 45
20 49 68
20 50 56
20 51 68
20 52 40
20 53 51
20 57 66
20 58 46
20 60 50
20 61 78
20 62 42
20 63 43
20 64 55
20 65 50
20 68 62
20 69 56
20 72 66
20 73 49
20 74 80
20 76 79
20 77 77
20 78 65
20 79 57
20 80 54
20 82 50
20 83 47
20 84 48
20 87 48
20 88 53
20 89 44
20 92 52
20 93 57
20 96 59
20 97 40
21 1 50
21 3 44
21 4 60
21 5 73
21 8 78
21 9 57
21 10 48
21 11 55
21 12 71
21 14 59
21 15 49
21 16 52
21 17 70
21 18 63
21 20 63
21 22 41
21 24 67
21 25 55
21 26 46
21 27 43
21 28 44
21 34 60
21 35 59
21 38 77
21 39 69
21 40 49
21 41 44
21 44 77
21 45 46
21 46 52
21 47 79
21 48 47
21 49 46
21 51 68
21 52 45
21 54 63
21 55 44
21 56 67
21 57 71
21 58 62
21 60 58
21 61 70
21 63 66
21 64 76
21 65 40
21 66 69
21 68 67
21 69 42
21 70 56
21 71 50
21 72 55
21 73 48
21 75 45
21 76 63
21 77 59
21 78 79
21 79 45
21 80 71
21 81 66
21 82 47
21 83 59
21 84 44
21 85 49
21 86 53
21 87 43
21 89 71
21 91 71
21 92 70
21 94 60
21 97 58
21 99 49
22 1 54
22 3 75
22 5 61
22 6 72
22 8 47
22 10 72
22 11 51
22 12 40
22 13 44
22 17 53
22 18 68
22 19 41
22 21 41
22 23 67
22 25 44
22 27 71
22 29 42
22 33 59
22 35 53
22 36 63
22 40 56
22 41 41
22 42 52
22 43 50
22 45 50
22 46 69
22 47 65
22 50 67
22 51 76
22 52 76
22 53 60
22 54 52
22 55 51
22 56 75
22 57 78
22 58 43
22 59 79
22 60 62
22 61 45
22 62 62
22 63 56
22 64 64
22 65 44
22 66 72
22 68 78
22 70 42
22 71 67
22 72 79
22 74 74
22 75 49
22 76 74
22 79 64
22 81 49
22 82 68
22 85 57
22 86 72
22 87 72
22 90 52
22 91 47
22 92 47
22 94 47
22 96 69
22 97 46
23 1 42
23 3 44
23 5 72
23 8 65
23 9 59
23 10 62
23 11 65
23 15 59
23 16 72
23 17 44
23 20 62
23 22 67
23 24 74
23 26 42
23 28 48
23 29 66
23 30 69
23 32 56
23 33 64
23 34 47
23 35 69
23 37 50
23 39 50
23 41 48
23 43 67
23 44 53
23 45 69
23 46 40
23 48 79
23 49 78
23 50 41
23 54 79
23 55 45
23 56 51
23 58 57
23 59 47
23 60 45
23 61 60
23 63 52
23 65 42
23 69 48
23 70 52
23 72 59
23 73 58
23 74 53
23 77 46
23 78 74
23 81 63
23 83 50
23 84 73
23 86 69
23 88 59
23 89 40
23 90 61
23 91 64
23 92 64
23 93 49
23 95 61
23 96 43
23 97 42
23 99 77
24 4 73
24 5 47
24 8 69
24 9 78
24 11 49
24 13 58
24 15 67
24 17 43
24 18 50
24 19 60
24 20 80
24 21 67
24 23 74
24 25 76
24 33 69
24 34 49
24 36 55
24 38 80
24 39 45
24 40 52
24 41 50
24 42 46
24 43 54
24 44 80
24 45 52
24 46 43
24 47 62
24 48 59
24 49 71
24 51 79
24 54 52
24 55 72
24 56 62
24 57 66
24 58 80
24 60 47
24 61 65
24 62 58
24 67 78
24 68 64
24 69 63
24 72 57
24 74 59
24 76 80
24 78 69
24 79 48
24 80 58
24 82 75
24 83 45
24 84 68
24 86 54
24 88 51
24 89 69
24 91 58
24 93 80
24 94 71
24 95 45
24 96 64
25 2 47
25 5 80
25 6 78
25 7 71
25 8 45
25 10 71
25 13 49
25 14 47
25 15 60
25 16 61
25 18 75
25 19 72
25 20 67
25 21 55
25 22 44
25 24 76
25 28 77
25 30 63
25 31 45
25 33 60
25 34 43
25 36 50
25 38 65
25 40 42
25 41 78
25 42 59
25 43 43
25 44 70
25 45 51
25 46 43
25 48 75
25 52 64
25 53 51
25 54 41
25 55 72
25 61 70
25 62 58
25 64 58
25 65 57
25 69 42
25 70 70
25 73 58
25 75 53
25 76 61
25 77 73
25 78 68
25 79 71
25 80 43
25 81 49
25 83 41
25 85 57
25 86 44
25 87 49
25 88 59
25 89 43
25 90 66
25 91 50
25 92 43
25 93 48
25 94 66
25 96 67
25 97 40
25 99 69
26 1 71
26 3 67
26 6 52
26 7 79
26 8 55
26 10 44
26 12 40
26 14 74
26 16 65
26 17 66
26 19 46
26 20 78
26 21 46
26 23 42
26 28 80
26 29 67
26 30 63
26 34 71
26 35 63
26 39 55
26 40 62
26 41 42
26 43 50
26 44 44
26 45 54
26 47 62
26 48 51
26 49 62
26 52 71
26 53 72
26 55 59
26 56 43
26 57 74
26 61 48
26 62 47
26 63 78
26 68 54
26 69 63
26 70 56
26 71 62
26 72 61
26 73 57
26 74 66
26 75 55
26 76 78
26 77 46
26 78 43
26 79 44
26 80 66
26 81 51
26 82 52
26 83 49
26 85 54
26 87 49
26 88 56
26 89 75
26 93 76
26 94 51
26 95 75
26 96 49
26 97 46
26 98 80
27 2 72
27 4 73
27 5 79
27 6 52
27 8 78
27 9 42
27 11 42
27 12 52
27 13 75
27 14 71
27 16 59
27 17 50
27 21 43
27 22 71
27 28 61
27 29 63
27 30 61
27 31 44
27 32 69
27 36 73
27 37 52
27 38 63
27 42 78
27 49 46
27 50 58
27 51 58
27 52 71
27 54 69
27 55 75
27 59 51
27 60 42
27 61 71
27 63 75
27 64 71
27 65 64
27 66 41
27 67 79
27 71 53
27 72 67
27 73 54
27 77 40
27 78 47
27 79 43
27 81 77
27 82 43
27 85 72
27 87 70
27 89 47
27 90 61
27 93 72
27 94 72
27 95 45
27 96 76
27 97 78
27 98 60
28 1 55
28 2 44
28 3 58
28 5 64
28 8 64
28 9 76
28 11 71
28 14 68
28 15 63
28 16 42
28 17 65
28 21 44
28 23 48
28 25 77
28 26 80
28 27 61
28 29 80
28 30 76
28 31 77
28 32 69
28 34 51
28 35 61
28 37 77
28 38 79
28 41 43
28 42 54
28 44 68
28 45 57
28 47 79
28 48 59
28 49 52
28 50 49
28 51 80
28 52 53
28 54 71
28 55 68
28 56 43
28 57 69
28 58 51
28 59 73
28 60 46
28 62 74
28 68 63
28 71 66
28 74 74
28 76 73
28 77 57
28 80 66
28 81 75
28 85 58
28 88 44
28 89 50
28 90 61
28 91 78
28 92 40
28 93 75
28 94 62
28 97 40
28 98 75
28 99 70
29 2 74
29 3 78
29 4 76
29 5 52
29 6 72
29 7 78
29 8 59
29 9 74
29 10 52
29 12 60
29 13 42
29 14 40
29 15 60
29 16 71
29 17 44
29 18 48
29 20 70
29 22 42
29 23 66
29 26 67
29 27 63
29 28 80
29 30 47
29 31 77
29 32 40
29 34 69
29 35 77
29 36 54
29 38 43
29 43 52
29 44 47
29 45 74
29 50 70
29 53 75
29 54 59
29 55 64
29 56 43
29 57 70
29 60 47
29 61 69
29 62 53
29 63 75
29 65 72
29 66 41
29 67 51
29 69 56
29 71 59
29 72 40
29 73 69
29 74 67
29 75 80
29 76 57
29 77 64
29 78 71
29 79 45
29 84 46
29 87 48
29 88 67
29 89 49
29 90 68
29 93 53
29 98 60
30 1 61
30 2 59
30 4 76
30 6 46
30 7 74
30 8 56
30 10 41
30 11 41
30 14 63
30 15 65
30 16 60
30 17 79
30 20 66
30 23 69
30 25 63
30 26 63
30 27 61
30 28 76
30 29 47
30 31 77
30 33 80
30 34 63
30 35 76
30 38 56
30 39 68
30 40 71
30 43 64
30 45 73
30 46 50
30 49 53
30 50 68
30 52 51
30 54 58
30 55 47
30 57 50
30 58 74
30 59 65
30 62 79
30 63 55
30 64 55
30 66 50
30 68 66
30 69 45
30 71 53
30 72 45
30 74 78
30 77 43
30 78 64
30 79 49
30 82 58
30 84 46
30 85 78
30 87 80
30 89 80
30 95 59
30 96 69
30 98 50
31 1 42
31 3 41
31 4 47
31 6 42
31 7 54
31 9 69
31 11 50
31 12 80
31 14 52
31 15 66
31 18 54
31 19 52
31 20 68
31 25 45
31 27 44
31 28 77
31 29 77
31 30 77
31 37 45
31 39 63
31 41 76
31 42 79
31 44 54
31 46 44
31 47 79
31 48 54
31 51 64
31 55 50
31 56 50
31 57 62
31 58 60
31 61 74
31 63 50
31 64 41
31 66 56
31 67 45
31 69 45
31 71 40
31 72 74
31 73 48
31 74 74
31 75 68
31 76 80
31 80 57
31 82 78
31 83 57
31 85 51
31 86 75
31 87 51
31 88 66
31 89 79
31 91 48
31 92 76
31 94 52
31 95 80
31 97 64
31 99 75
32 1 55
32 2 64
32 3 53
32 6 46
32 8 57
32 9 69
32 10 46
32 11 41
32 14 56
32 15 75
32 16 45
32 18 63
32 20 45
32 23 56
32 27 69
32 28 69
32 29 40
32 33 44
32 35 71
32 37 71
32 38 62
32 40 56
32 41 54
32 42 52
32 43 46
32 44 58
32 45 54
32 46 62
32 48 46
32 49 59
32 50 48
32 51 75
32 53 62
32 55 76
32 57 71
32 58 47
32 59 77
32 60 71
32 61 54
32 62 44
32 63 66
32 67 76
32 68 69
32 69 73
32 70 77
32 74 43
32 78 42
32 81 49
32 82 70
32 83 49
32 84 76
32 87 70
32 88 42
32 90 70
32 91 43
32 92 55
32 93 58
32 94 54
32 97 75
33 2 73
33 3 42
33 6 59
33 7 71
33 11 58
33 13 75
33 15 41
33 16 52
33 17 50
33 20 75
33 22 59
33 23 64
33 24 69
33 25 60
33 30 80
33 32 44
33 34 62
33 35 78
33 36 79
33 37 80
33 38 59
33 42 73
33 44 65
33 45 57
33 48 59
33 49 56
33 50 55
33 52 78
33 53 63
33 54 57
33 56 78
33 60 40
33 61 58
33 62 67
33 63 59
33 65 44
33 68 78
33 69 70
33 71 71
33 75 66
33 77 49
33 79 77
33 80 68
33 82 51
33 87 48
33 89 42
33 90 57
33 94 67
33 96 70
33 97 47
33 99 79
34 1 66
34 4 79
34 6 59
34 7 69
34 8 80
34 9 65
34 10 70
34 14 75
34 15 41
34 16 65
34 17 53
34 18 66
34 20 75
34 21 60
34 23 47
34 24 49
34 25 43
34 26 71
34 28 51
34 29 69
34 30 63
34 33 62
34 36 61
34 37 75
34 38 61
34 39 69
34 40 70
34 45 80
34 47 51
34 51 66
34 53 67
34 54 57
34 55 64
34 56 46
34 57 59
34 59 57
34 60 64
34 61 76
34 62 64
34 63 76
34 66 67
34 67 62
34 68 68
34 69 71
34 70 79
34 71 68
34 74 75
34 75 41
34 77 51
34 80 64
34 81 43
34 83 50
34 85 70
34 86 64
34 87 40
34 88 64
34 90 55
34 91 77
34 93 43
34 96 44
34 97 70
34 99 40
35 2 60
35 3 56
35 6 53
35 7 47
35 8 43
35 9 70
35 11 79
35 13 68
35 14 45
35 17 49
35 18 45
35 19 62
35 21 59
35 22 53
35 23 69
35 26 63
35 28 61
35 29 77
35 30 76
35 32 71
35 33 78
35 37 63
35 38 76
35 42 69
35 43 70
35 44 50
35 45 63
35 46 59
35 48 68
35 51 44
35 52 44
35 54 66
35 55 47
35 56 58
35 57 78
35 58 47
35 59 51
35 60 42
35 61 63
35 64 58
35 65 49
35 67 42
35 69 72
35 70 48
35 71 64
35 72 67
35 73 71
35 74 77
35 77 65
35 79 48
35 81 40
35 82 58
35 83 66
35 85 59
35 86 73
35 87 41
35 88 57
35 89 74
35 90 49
35 91 66
35 92 66
35 94 57
35 95 74
35 96 70
35 98 51
35 99 66
36 1 44
36 5 40
36 7 59
36 8 57
36 9 55
36 10 54
36 13 54
36 15 48
36 16 70
36 18 49
36 19 43
36 20 65
36 22 63
36 24 55
36 25 50
36 27 73
36 29 54
36 33 79
36 34 61
36 37 55
36 38 64
36 39 47
36 41 66
36 43 44
36 44 40
36 46 59
36 48 78
36 50 43
36 51 52
36 52 49
36 54 68
36 55 72
36 56 66
36 58 46
36 60 48
36 62 57
36 63 74
36 70 76
36 71 72
36 72 62
36 74 79
36 75 54
36 77 46
36 78 63
36 80 67
36 82 69
36 83 40
36 84 62
36 85 76
36 86 80
36 89 62
36 90 79
36 92 77
36 93 77
36 95 50
36 96 67
36 97 71
36 98 40
36 99 71
37 1 48
37 2 70
37 5 64
37 6 74
37 9 65
37 10 40
37 12 69
37 13 57
37 14 80
37 15 44
37 16 67
37 17 47
37 18 46
37 23 50
37 27 52
37 28 77
37 31 45
37 32 71
37 33 80
37 34 75
37 35 63
37 36 55
37 38 69
37 40 74
37 43 40
37 45 80
37 46 61
37 48 62
37 49 78
37 51 54
37 54 56
37 55 65
37 56 45
37 59 59
37 61 48
37 62 42
37 66 71
37 67 44
37 68 42
37 71 73
37 76 67
37 78 47
37 80 69
37 83 77
37 85 74
37 86 76
37 87 56
37 89 61
37 92 78
37 94 55
37 95 69
37 97 80
37 98 57
38 1 47
38 3 44
38 4 43
38 8 55
38 10 55
38 14 66
38 15 72
38 16 63
38 17 77
38 18 77
38 19 52
38 21 77
38 24 80
38 25 65
38 27 63
38 28 79
38 29 43
38 30 56
38 32 62
38 33 59
38 34 61
38 35 76
38 36 64
38 37 69
38 40 66
38 41 67
38 44 44
38 45 47
38 46 74
38 49 42
38 50 59
38 51 50
38 52 42
38 53 64
38 54 56
38 59 78
38 60 53
38 61 56
38 62 59
38 63 58
38 69 74
38 71 41
38 72 57
38 73 69
38 76 80
38 79 68
38 82 71
38 83 74
38 84 62
38 87 41
38 88 43
38 89 43
38 90 47
38 91 57
38 92 75
38 93 47
38 96 44
38 97 40
38 98 72
39 1 63
39 2 56
39 3 47
39 5 46
39 7 51
39 8 78
39 9 50
39 10 57
39 11 46
39 12 58
39 15 70
39 17 49
39 18 79
39 20 42
39 21 69
39 23 50
39 24 45
39 26 55
39 30 68
39 31 63
39 34 69
39 36 47
39 40 80
39 41 41
39 42 52
39 43 67
39 45 42
39 49 77
39 50 56
39 52 70
39 54 58
39 55 79
39 56 72
39 57 71
39 58 50
39 59 71
39 60 79
39 61 68
39 62 41
39 63 56
39 64 75
39 65 73
39 71 74
39 72 70
39 74 46
39 77 80
39 78 69
39 79 59
39 81 46
39 82 51
39 83 55
39 84 74
39 85 50
39 87 43
39 88 74
39 89 61
39 91 79
39 92 50
39 93 66
39 94 46
39 97 70
39 98 42
40 1 73
40 2 60
40 4 63
40 5 69
40 7 80
40 9 73
40 11 70
40 13 53
40 19 61
40 21 49
40 22 56
40 24 52
40 25 42
40 26 62
40 30 71
40 32 56
40 34 70
40 37 74
40 38 66
40 39 80
40 41 43
40 42 40
40 43 78
40 45 44
40 46 57
40 47 40
40 48 71
40 50 44
40 53 64
40 54 51
40 55 41
40 56 53
40 57 49
40 58 42
40 59 80
40 60 45
40 61 61
40 65 48
40 67 43
40 68 71
40 69 74
40 72 41
40 77 43
40 79 56
40 80 60
40 81 40
40 82 49
40 83 52
40 84 61
40 86 40
40 87 67
40 88 71
40 93 52
40 95 49
40 96 77
40 97 49
40 98 52
40 99 76
41 1 56
41 4 54
41 5 71
41 6 51
41 7 49
41 8 42
41 11 65
41 13 63
41 14 64
41 15 80
41 16 64
41 20 66
41 21 44
41 22 41
41 23 48
41 24 50
41 25 78
41 26 42
41 28 43
41 31 76
41 32 54
41 36 66
41 38 67
41 39 41
41 40 43
41 45 51
41 46 52
41 47 80
41 49 41
41 50 79
41 51 67
41 53 59
41 54 80
41 58 60
41 60 57
41 61 49
41 64 40
41 66 51
41 67 72
41 69 75
41 70 80
41 71 79
41 72 64
41 76 46
41 77 60
41 79 44
41 80 64
41 81 57
41 82 64
41 83 57
41 86 49
41 87 59
41 89 48
41 90 40
41 91 45
41 95 77
41 96 80
41 98 50
42 1 46
42 4 69
42 7 80
42 8 46
42 9 60
42 10 57
42 11 56
42 15 46
42 18 40
42 19 79
42 20 41
42 22 52
42 24 46
42 25 59
42 27 78
42 28 54
42 31 79
42 32 52
42 33 73
42 35 69
42 39 52
42 40 40
42 44 64
42 47 65
42 52 79
42 54 75
42 55 49
42 56 40
42 57 62
42 58 44
42 62 41
42 63 52
42 64 60
42 69 61
42 70 52
42 72 73
42 74 72
42 75 61
42 76 77
42 80 67
42 81 67
42 82 64
42 83 42
42 84 49
42 85 42
42 86 65
42 87 79
42 88 57
42 90 79
42 91 68
42 93 43
42 94 62
42 98 52
43 2 50
43 3 69
43 4 41
43 6 77
43 7 46
43 8 76
43 9 47
43 11 55
43 12 49
43 13 46
43 15 76
43 19 71
43 20 64
43 22 50
43 23 67
43 24 54
43 25 43
43 26 50
43 29 52
43 30 64
43 32 46
43 35 70
43 36 44
43 37 40
43 39 67
43 40 78
43 47 60
43 48 48
43 51 77
43 52 61
43 53 75
43 56 72
43 58 75
43 59 59
43 63 53
43 64 44
43 66 60
43 67 63
43 68 47
43 69 43
43 70 71
43 71 70
43 72 70
43 74 50
43 75 40
43 77 52
43 78 54
43 79 40
43 80 73
43 81 73
43 84 68
43 85 40
43 86 53
43 87 54
43 88 77
43 89 58
43 92 41
43 93 65
43 94 40
43 95 47
43 96 67
43 98 70
43 99 42
44 2 68
44 4 70
44 5 70
44 6 60
44 7 46
44 8 74
44 9 61
44 11 47
44 12 68
44 14 69
44 15 52
44 16 74
44 18 53
44 19 54
44 21 77
44 23 53
44 24 80
44 25 70
44 26 44
44 28 68
44 29 47
44 31 54
44 32 58
44 33 65
44 35 50
44 36 40
44 38 44
44 42 64
44 45 65
44 48 63
44 49 80
44 50 80
44 54 63
44 55 50
44 56 75
44 57 66
44 58 58
44 61 48
44 62 75
44 63 40
44 65 42
44 66 42
44 68 53
44 69 49
44 70 72
44 72 49
44 75 69
44 76 56
44 77 40
44 78 63
44 79 44
44 82 52
44 83 55
44 84 58
44 85 76
44 88 53
44 89 43
44 90 65
44 91 58
44 93 65
44 94 80
44 95 55
44 98 43
45 1 66
45 2 60
45 3 46
45 4 78
45 5 59
45 6 63
45 7 50
45 8 60
45 9 79
45 10 72
45 11 47
45 12 53
45 13 50
45 15 71
45 16 73
45 18 42
45 20 59
45 21 46
45 22 50
45 23 69
45 24 52
45 25 51
45 26 54
45 28 57
45 29 74
45 30 73
45 32 54
45 33 57
45 34 80
45 35 63
45 37 80
45 38 47
45 39 42
45 40 44
45 41 51
45 44 65
45 47 64
45 49 48
45 51 55
45 53 75
45 55 51
45 57 70
45 59 45
45 60 40
45 61 58
45 63 70
45 64 62
45 65 59
45 66 61
45 68 61
45 69 75
45 73 47
45 74 70
45 75 64
45 76 56
45 77 54
45 78 52
45 79 76
45 80 56
45 81 59
45 82 75
45 83 54
45 84 79
45 85 61
45 86 60
45 88 41
45 92 70
45 93 51
45 94 60
45 95 58
45 97 68
46 1 66
46 3 43
46 7 79
46 8 45
46 9 52
46 10 72
46 11 70
46 13 51
46 15 78
46 16 49
46 17 40
46 18 67
46 21 52
46 22 69
46 23 40
46 24 43
46 25 43
46 30 50
46 31 44
46 32 62
46 35 59
46 36 59
46 37 61
46 38 74
46 40 57
46 41 52
46 47 70
46 48 64
46 49 69
46 50 64
46 51 73
46 55 47
46 56 41
46 57 68
46 58 49
46 59 65
46 61 57
46 62 65
46 63 43
46 64 50
46 65 80
46 66 60
46 67 64
46 68 67
46 71 58
46 72 40
46 73 44
46 74 71
46 75 73
46 76 42
46 77 61
46 85 68
46 86 67
46 88 58
46 89 54
46 90 70
46 91 53
46 92 67
46 93 66
46 95 75
46 97 42
46 98 67
46 99 51
47 1 57
47 2 49
47 3 59
47 4 54
47 7 68
47 8 78
47 9 41
47 10 45
47 11 56
47 12 47
47 13 40
47 14 68
47 15 67
47 16 68
47 20 45
47 21 79
47 22 65
47 24 62
47 26 62
47 28 79
47 31 79
47 34 51
47 40 40
47 41 80
47 42 65
47 43 60
47 45 64
47 46 70
47 49 47
47 51 80
47 52 65
47 53 71
47 54 54
47 55 73
47 56 73
47 57 56
47 58 65
47 62 42
47 63 78
47 65 49
47 66 80
47 69 41
47 70 64
47 71 63
47 74 78
47 76 76
47 77 63
47 80 80
47 85 47
47 86 64
47 88 69
47 89 78
47 92 48
47 96 79
47 97 41
47 98 65
47 99 49
48 3 40
48 7 48
48 12 77
48 14 43
48 15 75
48 16 69
48 21 47
48 23 79
48 24 59
48 25 75
48 26 51
48 28 59
48 31 54
48 32 46
48 33 59
48 35 68
48 36 78
48 37 62
48 40 71
48 43 48
48 44 63
48 46 64
48 49 56
48 50 62
48 52 67
48 54 50
48 55 54
48 56 67
48 57 75
48 59 54
48 63 57
48 65 47
48 71 61
48 72 52
48 74 70
48 75 47
48 78 58
48 79 44
48 80 55
48 81 54
48 82 80
48 84 66
48 85 76
48 86 75
48 87 55
48 88 72
48 89 61
48 92 48
48 93 66
48 94 71
48 96 59
48 97 68
48 99 67
49 4 59
49 5 62
49 6 53
49 7 58
49 10 63
49 11 49
49 14 42
49 16 57
49 18 65
49 19 49
49 20 68
49 21 46
49 23 78
49 24 71
49 26 62
49 27 46
49 28 52
49 30 53
49 32 59
49 33 56
49 37 78
49 38 42
49 39 77
49 41 41
49 44 80
49 45 48
49 46 69
49 47 47
49 48 56
49 51 50
49 52 78
49 53 48
49 54 75
49 56 80
49 57 54
49 58 61
49 62 62
49 64 56
49 70 65
49 71 46
49 74 48
49 76 60
49 77 77
49 79 40
49 80 46
49 82 69
49 85 68
49 86 58
49 87 63
49 89 46
49 90 64
49 92 48
49 93 48
49 95 71
49 97 57
49 98 47
49 99 64
50 1 56
50 2 71
50 4 76
50 6 57
50 7 59
50 9 44
50 10 62
50 13 64
50 14 59
50 15 62
50 16 76
50 17 52
50 19 72
50 20 56
50 22 67
50 23 41
50 27 58
50 28 49
50 29 70
50 30 68
50 32 48
50 33 55
50 36 43
50 38 59
50 39 56
50 40 44
50 41 79
50 44 80
50 46 64
50 48 62
50 52 49
50 53 67
50 55 59
50 57 43
50 60 53
50 61 72
50 63 77
50 64 50
50 65 47
50 68 51
50 69 72
50 71 66
50 72 46
50 74 56
50 77 70
50 79 45
50 80 52
50 81 52
50 84 52
50 87 53
50 88 46
50 90 44
50 91 65
50 92 71
50 93 63
50 94 58
50 95 71
50 98 79
51 1 79
51 2 62
51 5 68
51 6 49
51 7 58
51 10 76
51 11 72
51 13 74
51 14 63
51 15 68
51 16 75
51 17 54
51 19 51
51 20 68
51 21 68
51 22 76
51 24 79
51 27 58
51 28 80
51 31 64
51 32 75
51 34 66
51 35 44
51 36 52
51 37 54
51 38 50
51 41 67
51 43 77
51 45 55
51 46 73
51 47 80
51 49 50
51 53 63
51 54 41
51 55 44
51 59 55
51 60 46
51 61 59
51 62 49
51 63 64
51 64 40
51 65 64
51 66 51
51 67 73
51 69 45
51 70 63
51 71 50
51 72 45
51 73 61
51 74 74
51 80 43
51 82 78
51 83 57
51 84 54
51 87 71
51 88 63
51 89 53
51 90 43
51 91 80
51 95 78
51 96 72
51 99 40
52 1 40
52 2 49
52 3 71
52 4 79
52 5 44
52 6 43
52 8 57
52 10 58
52 11 68
52 12 63
52 15 71
52 16 58
52 17 64
52 18 40
52 19 78
52 20 40
52 21 45
52 22 76
52 25 64
52 26 71
52 27 71
52 28 53
52 30 51
52 33 78
52 35 44
52 36 49
52 38 42
52 39 70
52 42 79
52 43 61
52 47 65
52 48 67
52 49 78
52 50 49
52 56 73
52 57 54
52 60 78
52 61 53
52 63 41
52 64 58
52 66 41
52 68 58
52 70 78
52 71 80
52 73 67
52 74 70
52 78 55
52 80 41
52 82 76
52 84 72
52 86 55
52 87 74
52 90 42
52 92 59
52 93 69
52 94 71
52 98 43
52 99 76
53 1 41
53 4 40
53 5 41
53 6 67
53 9 61
53 10 65
53 11 64
53 14 70
53 20 51
53 22 60
53 25 51
53 26 72
53 29 75
53 32 62
53 33 63
53 34 67
53 38 64
53 40 64
53 41 59
53 43 75
53 45 75
53 47 71
53 49 48
53 50 67
53 51 63
53 55 62
53 56 40
53 57 47
53 58 80
53 60 57
53 64 47
53 66 61
53 70 56
53 72 66
53 73 80
53 75 64
53 77 67
53 78 47
53 79 76
53 80 80
53 84 62
53 85 60
53 87 70
53 90 49
53 92 59
53 93 75
53 95 69
53 96 68
53 97 70
53 98 76
54 1 72
54 2 68
54 4 61
54 5 54
54 6 49
54 7 63
54 9 66
54 10 51
54 11 45
54 14 65
54 15 45
54 16 55
54 18 53
54 19 71
54 21 63
54 22 52
54 23 79
54 24 52
54 25 41
54 27 69
54 28 71
54 29 59
54 30 58
54 33 57
54 34 57
54 35 66
54 36 68
54 37 56
54 38 56
54 39 58
54 40 51
54 41 80
54 42 75
54 44 63
54 47 54
54 48 50
54 49 75
54 51 41
54 57 45
54 58 55
54 61 76
54 63 48
54 64 68
54 68 53
54 69 50
54 71 46
54 72 57
54 73 70
54 74 60
54 75 80
54 76 77
54 78 67
54 83 71
54 84 62
54 85 54
54 87 66
54 88 74
54 90 52
54 91 54
54 93 65
54 95 68
54 96 66
54 97 45
54 98 52
54 99 74
55 1 41
55 2 76
55 4 59
55 5 46
55 7 76
55 10 69
55 12 73
55 13 42
55 15 60
55 16 44
55 17 54
55 21 44
55 22 51
55 23 45
55 24 72
55 25 72
55 26 59
55 27 75
55 28 68
55 29 64
55 30 47
55 31 50
55 32 76
55 34 64
55 35 47
55 36 72
55 37 65
55 39 79
55 40 41
55 42 49
55 44 50
55 45 51
55 46 47
55 47 73
55 48 54
55 50 59
55 51 44
55 53 62
55 58 61
55 59 40
55 62 53
55 66 69
55 67 58
55 68 63
55 69 54
55 71 75
55 74 49
55 76 76
55 77 51
55 78 44
55 79 42
55 80 69
55 84 66
55 86 60
55 87 68
55 88 61
55 89 61
55 91 61
55 92 50
55 93 64
55 94 80
55 96 51
55 97 47
56 4 60
56 5 59
56 6 72
56 9 63
56 10 55
56 11 69
56 12 73
56 13 64
56 14 42
56 15 47
56 16 73
56 17 55
56 21 67
56 22 75
56 23 51
56 24 62
56 26 43
56 28 43
56 29 43
56 31 50
56 33 78
56 34 46
56 35 58
56 36 66
56 37 45
56 39 72
56 40 53
56 42 40
56 43 72
56 44 75
56 46 41
56 47 73
56 48 67
56 49 80
56 52 73
56 53 40
56 59 41
56 60 80
56 61 42
56 62 80
56 67 68
56 68 69
56 69 73
56 70 52
56 71 76
56 72 54
56 73 70
56 74 68
56 75 45
56 76 67
56 77 76
56 78 48
56 79 58
56 84 67
56 85 53
56 87 70
56 89 77
56 90 63
56 91 74
56 92 65
56 93 75
56 95 63
56 96 70
56 97 46
56 98 55
56 99 51
57 2 53
57 3 66
57 7 59
57 8 52
57 9 76
57 10 62
57 18 58
57 20 66
57 21 71
57 22 78
57 24 66
57 26 74
57 28 69
57 29 70
57 30 50
57 31 62
57 32 71
57 34 59
57 35 78
57 39 71
57 40 49
57 42 62
57 44 66
57 45 70
57 46 68
57 47 56
57 48 75
57 49 54
57 50 43
57 52 54
57 53 47
57 54 45
57 59 40
57 60 72
57 61 48
57 64 54
57 65 59
57 68 44
57 70 71
57 72 40
57 74 57
57 75 66
57 76 80
57 78 49
57 79 61
57 80 75
57 81 52
57 82 72
57 84 59
57 85 58
57 87 50
57 91 49
57 92 53
57 93 41
57 95 75
57 96 68
57 97 62
58 4 44
58 5 47
58 7 54
58 9 76
58 13 73
58 14 64
58 15 67
58 18 79
58 20 46
58 21 62
58 22 43
58 23 57
58 24 80
58 28 51
58 30 74
58 31 60
58 32 47
58 35 47
58 36 46
58 39 50
58 40 42
58 41 60
58 42 44
58 43 75
58 44 58
58 46 49
58 47 65
58 49 61
58 53 80
58 54 55
58 55 61
58 59 53
58 60 74
58 65 69
58 66 45
58 68 66
58 71 62
58 72 43
58 74 40
58 75 64
58 78 66
58 80 62
58 82 51
58 84 71
58 85 55
58 87 76
58 88 46
58 94 66
58 95 73
58 96 42
58 97 62
58 98 44
58 99 51
59 1 50
59 2 52
59 3 42
59 6 72
59 7 77
59 8 57
59 9 77
59 11 58
59 13 75
59 14 53
59 15 46
59 16 55
59 22 79
59 23 47
59 27 51
59 28 73
59 30 65
59 32 77
59 34 57
59 35 51
59 37 59
59 38 78
59 39 71
59 40 80
59 43 59
59 45 45
59 46 65
59 48 54
59 51 55
59 55 40
59 56 41
59 57 40
59 58 53
59 64 63
59 65 54
59 66 56
59 67 63
59 68 68
59 69 57
59 71 46
59 72 50
59 73 50
59 75 40
59 77 73
59 79 44
59 81 55
59 83 55
59 85 80
59 86 42
59 87 47
59 88 60
59 90 70
59 91 45
59 92 65
59 93 57
59 94 77
59 95 55
59 96 69
59 97 72
59 98 70
60 4 41
60 7 77
60 8 73
60 10 43
60 13 46
60 14 62
60 15 44
60 16 76
60 19 74
60 20 50
60 21 58
60 22 62
60 23 45
60 24 47
60 27 42
60 28 46
60 29 47
60 32 71
60 33 40
60 34 64
60 35 42
60 36 48
60 38 53
60 39 79
60 40 45
60 41 57
60 45 40
60 50 53
60 51 46
60 52 78
60 53 57
60 56 80
60 57 72
60 58 74
60 62 75
60 64 76
60 65 65
60 67 67
60 68 65
60 69 59
60 72 76
60 75 80
60 76 44
60 78 71
60 80 77
60 87 58
60 88 44
60 89 77
60 90 77
60 91 53
60 92 52
60 93 75
60 95 52
60 96 78
60 98 70
60 99 42
61 1 48
61 3 80
61 5 51
61 6 53
61 7 71
61 8 52
61 9 75
61 10 53
61 11 45
61 12 57
61 13 62
61 14 59
61 17 45
61 18 63
61 20 78
61 21 70
61 22 45
61 23 60
61 24 65
61 25 70
61 26 48
61 27 71
61 29 69
61 31 74
61 32 54
61 33 58
61 34 76
61 35 63
61 37 48
61 38 56
61 39 68
61 40 61
61 41 49
61 44 48
61 45 58
61 46 57
61 50 72
61 51 59
61 52 53
61 54 76
61 56 42
61 57 48
61 63 65
61 67 59
61 70 74
61 71 75
61 72 69
61 74 44
61 79 78
61 81 50
61 83 52
61 84 73
61 85 70
61 89 53
61 90 51
61 92 44
61 94 79
61 96 65
61 99 40
62 2 64
62 3 74
62 4 54
62 8 78
62 10 47
62 11 61
62 13 41
62 14 73
62 17 79
62 18 70
62 19 43
62 20 42
62 22 62
62 24 58
62 25 58
62 26 47
62 28 74
62 29 53
62 30 79
62 32 44
62 33 67
62 34 64
62 36 57
62 37 42
62 38 59
62 39 41
62 42 41
62 44 75
62 46 65
62 47 42
62 49 62
62 51 49
62 55 53
62 56 80
62 60 75
62 64 73
62 65 67
62 68 44
62 73 48
62 74 44
62 76 71
62 77 60
62 79 76
62 81 43
62 82 63
62 83 65
62 84 40
62 85 41
62 86 63
62 88 52
62 89 48
62 91 76
62 93 60
62 94 42
62 95 59
62 96 77
62 97 45
62 98 62
63 5 47
63 6 77
63 7 60
63 9 79
63 10 40
63 12 40
63 13 76
63 14 41
63 16 50
63 17 43
63 18 53
63 19 49
63 20 43
63 21 66
63 22 56
63 23 52
63 26 78
63 27 75
63 29 75
63 30 55
63 31 50
63 32 66
63 33 59
63 34 76
63 36 74
63 38 58
63 39 56
63 42 52
63 43 53
63 44 40
63 45 70
63 46 43
63 47 78
63 48 57
63 50 77
63 51 64
63 52 41
63 54 48
63 61 65
63 67 42
63 70 67
63 73 73
63 75 47
63 76 75
63 78 43
63 79 47
63 80 46
63 81 75
63 82 72
63 85 65
63 86 61
63 87 64
63 88 74
63 90 47
63 91 41
63 93 43
63 94 59
63 96 67
63 97 73
63 98 48
63 99 59
64 1 66
64 2 66
64 4 65
64 5 78
64 8 57
64 9 43
64 10 70
64 11 45
64 16 54
64 17 62
64 20 55
64 21 76
64 22 64
64 25 58
64 27 71
64 30 55
64 31 41
64 35 58
64 39 75
64 41 40
64 42 60
64 43 44
64 45 62
64 46 50
64 49 56
64 50 50
64 51 40
64 52 58
64 53 47
64 54 68
64 57 54
64 59 63
64 60 76
64 62 73
64 66 54
64 69 73
64 70 44
64 71 41
64 72 41
64 76 71
64 77 76
64 81 47
64 82 67
64 83 49
64 86 54
64 87 43
64 89 76
64 93 74
64 95 58
64 96 75
64 98 79
65 2 78
65 3 41
65 5 45
65 6 71
65 7 75
65 8 46
65 10 63
65 12 60
65 14 74
65 15 79
65 16 59
65 18 59
65 19 63
65 20 50
65 21 40
65 22 44
65 23 42
65 25 57
65 27 64
65 29 72
65 33 44
65 35 49
65 39 73
65 40 48
65 44 42
65 45 59
65 46 80
65 47 49
65 48 47
65 50 47
65 51 64
65 57 59
65 58 69
65 59 54
65 60 65
65 62 67
65 67 50
65 68 67
65 74 59
65 76 45
65 79 46
65 81 45
65 85 47
65 86 68
65 87 66
65 88 64
65 90 40
65 92 76
65 94 51
65 95 61
65 96 61
65 97 53
66 1 54
66 3 55
66 4 67
66 5 75
66 6 43
66 9 54
66 13 69
66 14 76
66 15 42
66 16 67
66 17 67
66 18 60
66 21 69
66 22 72
66 27 41
66 29 41
66 30 50
66 31 56
66 34 67
66 37 71
66 41 51
66 43 60
66 44 42
66 45 61
66 46 60
66 47 80
66 51 51
66 52 41
66 53 61
66 55 69
66 58 45
66 59 56
66 64 54
66 67 51
66 70 45
66 71 52
66 74 54
66 75 49
66 78 64
66 80 56
66 82 44
66 86 55
66 87 61
66 88 61
66 89 80
66 90 75
66 91 55
66 92 69
66 93 71
66 94 78
66 96 44
66 97 51
66 98 65
66 99 41
67 1 55
67 3 76
67 4 41
67 5 53
67 6 75
67 7 79
67 12 71
67 13 61
67 14 48
67 17 65
67 24 78
67 27 79
67 29 51
67 31 45
67 32 76
67 34 62
67 35 42
67 37 44
67 40 43
67 41 72
67 43 63
67 46 64
67 51 73
67 55 58
67 56 68
67 59 63
67 60 67
67 61 59
67 63 42
67 65 50
67 66 51
67 68 71
67 69 73
67 70 59
67 72 75
67 75 54
67 77 51
67 83 59
67 84 45
67 85 43
67 87 44
67 90 66
67 93 54
67 95 77
67 96 80
67 98 60
67 99 74
68 1 47
68 2 53
68 3 70
68 5 56
68 6 44
68 7 41
68 8 74
68 11 79
68 12 42
68 13 44
68 14 74
68 16 52
68 18 63
68 19 59
68 20 62
68 21 67
68 22 78
68 24 64
68 26 54
68 28 63
68 30 66
68 32 69
68 33 78
68 34 68
68 37 42
68 40 71
68 43 47
68 44 53
68 45 61
68 46 67
68 50 51
68 52 58
68 54 53
68 55 63
68 56 69
68 57 44
68 58 66
68 59 68
68 60 65
68 62 44
68 65 67
68 67 71
68 70 52
68 71 45
68 73 66
68 74 66
68 75 62
68 78 76
68 79 40
68 80 56
68 81 45
68 82 70
68 84 59
68 85 62
68 86 67
68 87 47
68 90 44
68 93 74
68 97 70
68 98 60
68 99 61
69 2 67
69 3 55
69 4 76
69 5 62
69 6 53
69 7 69
69 8 62
69 9 59
69 10 41
69 13 54
69 15 73
69 18 51
69 20 56
69 21 42
69 23 48
69 24 63
69 25 42
69 26 63
69 29 56
69 30 45
69 31 45
69 32 73
69 33 70
69 34 71
69 35 72
69 38 74
69 40 74
69 41 75
69 42 61
69 43 43
69 44 49
69 45 75
69 47 41
69 50 72
69 51 45
69 54 50
69 55 54
69 56 73
69 59 57
69 60 59
69 64 73
69 67 73
69 70 56
69 71 45
69 73 56
69 74 52
69 80 41
69 81 69
69 83 71
69 86 48
69 87 47
69 89 49
69 90 69
69 91 60
69 92 63
69 93 80
69 95 69
69 96 40
69 98 70
70 1 62
70 2 62
70 3 62
70 4 75
70 5 41
70 9 65
70 10 40
70 12 41
70 13 66
70 17 62
70 18 76
70 19 68
70 21 56
70 22 42
70 23 52
70 25 70
70 26 56
70 32 77
70 34 79
70 35 48
70 36 76
70 41 80
70 42 52
70 43 71
70 44 72
70 47 64
70 49 65
70 51 63
70 52 78
70 53 56
70 56 52
70 57 71
70 61 74
70 63 67
70 64 44
70 66 45
70 67 59
70 68 52
70 69 56
70 72 64
70 74 52
70 75 78
70 76 73
70 78 79
70 80 59
70 82 53
70 87 76
70 89 66
70 90 56
70 91 80
70 92 76
70 93 50
70 94 49
70 95 48
70 96 43
70 97 71
70 99 46
71 3 50
71 4 74
71 5 50
71 6 72
71 8 53
71 9 61
71 10 50
71 13 76
71 14 71
71 15 51
71 16 60
71 17 77
71 18 54
71 19 48
71 21 50
71 22 67
71 26 62
71 27 53
71 28 66
71 29 59
71 30 53
71 31 40
71 33 71
71 34 68
71 35 64
71 36 72
71 37 73
71 38 41
71 39 74
71 41 79
71 43 70
71 46 58
71 47 63
71 48 61
71 49 46
71 50 66
71 51 50
71 52 80
71 54 46
71 55 75
71 56 76
71 58 62
71 59 46
71 61 75
71 64 41
71 66 52
71 68 45
71 69 45
71 75 76
71 76 58
71 77 59
71 80 72
71 81 46
71 85 57
71 87 62
71 88 78
71 93 56
71 94 64
71 95 61
71 96 77
71 99 69
72 1 42
72 2 74
72 3 78
72 5 52
72 6 63
72 8 45
72 9 50
72 12 43
72 13 56
72 16 68
72 17 61
72 20 66
72 21 55
72 22 79
72 23 59
72 24 57
72 26 61
72 27 67
72 29 40
72 30 45
72 31 74
72 35 67
72 36 62
72 38 57
72 39 70
72 40 41
72 41 64
72 42 73
72 43 70
72 44 49
72 46 40
72 48 52
72 50 46
72 51 45
72 53 66
72 54 57
72 56 54
72 57 40
72 58 43
72 59 50
72 60 76
72 61 69
72 64 41
72 67 75
72 70 64
72 73 55
72 76 64
72 79 67
72 82 44
72 84 67
72 86 53
72 87 58
72 88 65
72 89 76
72 90 67
72 91 79
72 92 77
72 94 60
72 95 73
72 96 62
72 97 74
72 98 52
72 99 49
73 1 76
73 3 65
73 4 40
73 5 61
73 9 54
73 10 53
73 11 45
73 12 77
73 13 50
73 19 77
73 20 49
73 21 48
73 23 58
73 25 58
73 26 57
73 27 54
73 29 69
73 31 48
73 35 71
73 38 69
73 45 47
73 46 44
73 51 61
73 52 67
73 53 80
73 54 70
73 56 70
73 59 50
73 62 48
73 63 73
73 68 66
73 69 56
73 72 55
73 74 57
73 75 69
73 76 58
73 82 70
73 83 50
73 84 67
73 86 53
73 87 74
73 88 77
73 91 47
73 92 43
73 93 41
73 94 40
73 95 68
73 96 80
73 97 55
73 99 44
74 1 41
74 2 47
74 3 60
74 4 41
74 5 62
74 7 44
74 8 43
74 9 77
74 10 66
74 11 44
74 12 71
74 13 45
74 14 70
74 15 44
74 16 59
74 17 51
74 18 54
74 20 80
74 22 74
74 23 53
74 24 59
74 26 66
74 28 74
74 29 67
74 30 78
74 31 74
74 32 43
74 34 75
74 35 77
74 36 79
74 39 46
74 42 72
74 43 50
74 45 70
74 46 71
74 47 78
74 48 70
74 49 48
74 50 56
74 51 74
74 52 70
74 54 60
74 55 49
74 56 68
74 57 57
74 58 40
74 61 44
74 62 44
74 65 59
74 66 54
74 68 66
74 69 52
74 70 52
74 73 57
74 75 41
74 76 54
74 77 61
74 79 48
74 80 76
74 82 76
74 86 48
74 87 71
74 89 72
74 91 48
74 92 59
74 93 59
74 94 73
74 96 49
75 1 62
75 2 43
75 3 56
75 4 65
75 6 73
75 7 50
75 9 47
75 10 79
75 13 78
75 14 67
75 15 67
75 16 70
75 17 57
75 19 48
75 21 45
75 22 49
75 25 53
75 26 55
75 29 80
75 31 68
75 33 66
75 34 41
75 36 54
75 42 61
75 43 40
75 44 69
75 45 64
75 46 73
75 48 47
75 53 64
75 54 80
75 56 45
75 57 66
75 58 64
75 59 40
75 60 80
75 63 47
75 66 49
75 67 54
75 68 62
75 70 78
75 71 76
75 73 69
75 74 41
75 77 73
75 78 56
75 80 44
75 81 76
75 82 49
75 83 57
75 86 65
75 87 70
75 91 67
75 92 64
75 93 80
75 95 44
75 96 59
75 97 50
75 99 77
76 2 47
76 3 40
76 7 51
76 9 44
76 10 48
76 12 47
76 16 70
76 19 66
76 20 79
76 21 63
76 22 74
76 24 80
76 25 61
76 26 78
76 28 73
76 29 57
76 31 80
76 37 67
76 38 80
76 41 46
76 42 77
76 44 56
76 45 56
76 46 42
76 47 76
76 49 60
76 54 77
76 55 76
76 56 67
76 57 80
76 60 44
76 62 71
76 63 75
76 64 71
76 65 45
76 70 73
76 71 58
76 72 64
76 73 58
76 74 54
76 78 58
76 79 79
76 80 72
76 81 52
76 82 76
76 83 61
76 84 53
76 86 69
76 87 74
76 89 59
76 90 52
76 92 80
76 94 57
77 1 56
77 2 71
77 3 78
77 6 47
77 7 64
77 10 80
77 13 57
77 15 46
77 16 44
77 17 74
77 20 77
77 21 59
77 23 46
77 25 73
77 26 46
77 27 40
77 28 57
77 29 64
77 30 43
77 33 49
77 34 51
77 35 65
77 36 46
77 39 80
77 40 43
77 41 60
77 43 52
77 44 40
77 45 54
77 46 61
77 47 63
77 49 77
77 50 70
77 53 67
77 55 51
77 56 76
77 59 73
77 62 60
77 64 76
77 67 51
77 71 59
77 74 61
77 75 73
77 79 56
77 80 64
77 81 50
77 82 46
77 84 59
77 85 71
77 86 48
77 87 78
77 88 43
77 89 74
77 90 62
77 91 65
77 93 46
77 95 66
77 98 76
77 99 47
78 1 58
78 2 60
78 3 74
78 4 48
78 5 80
78 7 77
78 9 67
78 11 51
78 12 66
78 13 58
78 14 80
78 20 65
78 21 79
78 23 74
78 24 69
78 25 68
78 26 43
78 27 47
78 29 71
78 30 64
78 32 42
78 36 63
78 37 47
78 39 69
78 43 54
78 44 63
78 45 52
78 48 58
78 52 55
78 53 47
78 54 67
78 55 44
78 56 48
78 57 49
78 58 66
78 60 71
78 63 43
78 66 64
78 68 76
78 70 79
78 75 56
78 76 58
78 80 77
78 81 57
78 82 80
78 83 77
78 84 55
78 85 64
78 87 50
78 89 57
78 90 40
78 93 68
78 94 48
78 98 78
78 99 40
79 1 42
79 2 75
79 3 71
79 4 56
79 5 49
79 7 72
79 8 53
79 9 55
79 10 65
79 12 62
79 13 73
79 14 58
79 16 52
79 17 52
79 20 57
79 21 45
79 22 64
79 24 48
79 25 71
79 26 44
79 27 43
79 29 45
79 30 49
79 33 77
79 35 48
79 38 68
79 39 59
79 40 56
79 41 44
79 43 40
79 44 44
79 45 76
79 48 44
79 49 40
79 50 45
79 53 76
79 55 42
79 56 58
79 57 61
79 59 44
79 61 78
79 62 76
79 63 47
79 65 46
79 68 40
79 72 67
79 74 48
79 76 79
79 77 56
79 80 78
79 81 55
79 83 52
79 84 56
79 85 75
79 87 65
79 88 50
79 90 63
79 91 66
79 92 69
79 93 61
79 94 44
79 95 70
79 97 53
79 98 49
79 99 72
80 1 51
80 2 49
80 3 47
80 4 58
80 5 56
80 6 53
80 10 62
80 11 52
80 14 67
80 15 54
80 16 66
80 17 72
80 20 54
80 21 71
80 24 58
80 25 43
80 26 66
80 28 66
80 31 57
80 33 68
80 34 64
80 36 67
80 37 69
80 40 60
80 41 64
80 42 67
80 43 73
80 45 56
80 47 80
80 48 55
80 49 46
80 50 52
80 51 43
80 52 41
80 53 80
80 55 69
80 57 75
80 58 62
80 60 77
80 63 46
80 66 56
80 68 56
80 69 41
80 70 59
80 71 72
80 74 76
80 75 44
80 76 72
80 77 64
80 78 77
80 79 78
80 82 54
80 83 70
80 84 75
80 85 63
80 86 56
80 88 66
80 89 46
80 92 60
80 94 74
80 95 73
80 97 60
80 98 74
80 99 46
81 4 50
81 5 72
81 7 50
81 8 53
81 9 51
81 10 53
81 12 46
81 14 57
81 17 60
81 21 66
81 22 49
81 23 63
81 25 49
81 26 51
81 27 77
81 28 75
81 32 49
81 34 43
81 35 40
81 39 46
81 40 40
81 41 57
81 42 67
81 43 73
81 45 59
81 48 54
81 50 52
81 57 52
81 59 55
81 61 50
81 62 43
81 63 75
81 64 47
81 65 45
81 68 45
81 69 69
81 71 46
81 75 76
81 76 52
81 77 50
81 78 57
81 79 55
81 83 57
81 84 55
81 85 70
81 86 65
81 87 53
81 88 63
81 90 46
81 95 58
81 96 71
81 98 59
81 99 48
82 2 43
82 3 40
82 4 54
82 7 73
82 8 79
82 9 76
82 12 68
82 13 43
82 15 75
82 16 48
82 20 50
82 21 47
82 22 68
82 24 75
82 26 52
82 27 43
82 30 58
82 31 78
82 32 70
82 33 51
82 35 58
82 36 69
82 38 71
82 39 51
82 40 49
82 41 64
82 42 64
82 44 52
82 45 75
82 48 80
82 49 69
82 51 78
82 52 76
82 57 72
82 58 51
82 62 63
82 63 72
82 64 67
82 66 44
82 68 70
82 70 53
82 72 44
82 73 70
82 74 76
82 75 49
82 76 76
82 77 46
82 78 80
82 80 54
82 83 47
82 84 64
82 85 61
82 86 70
82 88 71
82 89 63
82 90 78
82 91 49
82 92 45
82 95 75
82 99 60
83 3 50
83 4 56
83 5 79
83 7 51
83 8 68
83 9 73
83 10 71
83 13 67
83 14 67
83 17 47
83 20 47
83 21 59
83 23 50
83 24 45
83 25 41
83 26 49
83 31 57
83 32 49
83 34 50
83 35 66
83 36 40
83 37 77
83 38 74
83 39 55
83 40 52
83 41 57
83 42 42
83 44 55
83 45 54
83 51 57
83 54 71
83 59 55
83 61 52
83 62 65
83 64 49
83 67 59
83 69 71
83 73 50
83 75 57
83 76 61
83 78 77
83 79 52
83 80 70
83 81 57
83 82 47
83 84 75
83 85 73
83 86 42
83 90 49
83 91 44
83 92 77
83 93 68
83 95 78
83 97 68
84 1 51
84 2 72
84 3 69
84 4 53
84 5 60
84 6 75
84 7 51
84 9 69
84 10 75
84 11 61
84 13 64
84 14 78
84 15 75
84 16 57
84 17 47
84 20 48
84 21 44
84 23 73
84 24 68
84 29 46
84 30 46
84 32 76
84 36 62
84 38 62
84 39 74
84 40 61
84 42 49
84 43 68
84 44 58
84 45 79
84 48 66
84 50 52
84 51 54
84 52 72
84 53 62
84 54 62
84 55 66
84 56 67
84 57 59
84 58 71
84 61 73
84 62 40
84 67 45
84 68 59
84 72 67
84 73 67
84 76 53
84 77 59
84 78 55
84 79 56
84 80 75
84 81 55
84 82 64
84 83 75
84 86 55
84 87 57
84 88 71
84 89 44
84 91 70
84 93 43
84 96 60
84 98 46
84 99 58
85 1 67
85 3 71
85 4 60
85 6 75
85 9 77
85 10 70
85 11 78
85 13 59
85 17 64
85 18 57
85 21 49
85 22 57
85 25 57
85 26 54
85 27 72
85 28 58
85 30 78
85 31 51
85 34 70
85 35 59
85 36 76
85 37 74
85 39 50
85 42 42
85 43 40
85 44 76
85 45 61
85 46 68
85 47 47
85 48 76
85 49 68
85 53 60
85 54 54
85 56 53
85 57 58
85 58 55
85 59 80
85 61 70
85 62 41
85 63 65
85 65 47
85 67 43
85 68 62
85 71 57
85 77 71
85 78 64
85 79 75
85 80 63
85 81 70
85 82 61
85 83 73
85 86 61
85 88 50
85 89 56
85 90 58
85 91 47
85 92 72
85 93 67
85 98 55
86 1 65
86 2 55
86 4 59
86 5 64
86 6 50
86 7 76
86 8 80
86 9 52
86 10 47
86 11 70
86 12 65
86 15 64
86 18 49
86 21 53
86 22 72
86 23 69
86 24 54
86 25 44
86 31 75
86 34 64
86 35 73
86 36 80
86 37 76
86 40 40
86 41 49
86 42 65
86 43 53
86 45 60
86 46 67
86 47 64
86 48 75
86 49 58
86 52 55
86 55 60
86 59 42
86 62 63
86 63 61
86 64 54
86 65 68
86 66 55
86 68 67
86 69 48
86 72 53
86 73 53
86 74 48
86 75 65
86 76 69
86 77 48
86 80 56
86 81 65
86 82 70
86 83 42
86 84 55
86 85 61
86 87 69
86 92 64
86 93 57
86 94 48
86 95 71
86 96 80
86 97 51
86 98 68
87 1 48
87 4 63
87 5 62
87 7 71
87 8 77
87 9 80
87 10 40
87 12 72
87 13 45
87 14 77
87 17 47
87 18 58
87 19 78
87 20 48
87 21 43
87 22 72
87 25 49
87 26 49
87 27 70
87 29 48
87 30 80
87 31 51
87 32 70
87 33 48
87 34 40
87 35 41
87 37 56
87 38 41
87 39 43
87 40 67
87 41 59
87 42 79
87 43 54
87 48 55
87 49 63
87 50 53
87 51 71
87 52 74
87 53 70
87 54 66
87 55 68
87 56 70
87 57 50
87 58 76
87 59 47
87 60 58
87 63 64
87 64 43
87 65 66
87 66 61
87 67 44
87 68 47
87 69 47
87 70 76
87 71 62
87 72 58
87 73 74
87 74 71
87 75 70
87 76 74
87 77 78
87 78 50
87 79 65
87 81 53
87 84 57
87 86 69
87 89 52
87 90 49
87 92 77
87 93 42
87 95 69
87 96 54
87 97 68
87 99 49
88 2 58
88 3 72
88 4 40
88 5 46
88 7 78
88 9 66
88 10 63
88 12 55
88 13 46
88 15 56
88 16 57
88 17 40
88 18 80
88 20 53
88 23 59
88 24 51
88 25 59
88 26 56
88 28 44
88 29 67
88 31 66
88 32 42
88 34 64
88 35 57
88 38 43
88 39 74
88 40 71
88 42 57
88 43 77
88 44 53
88 45 41
88 46 58
88 47 69
88 48 72
88 50 46
88 51 63
88 54 74
88 55 61
88 58 46
88 59 60
88 60 44
88 62 52
88 63 74
88 65 64
88 66 61
88 71 78
88 72 65
88 73 77
88 77 43
88 79 50
88 80 66
88 81 63
88 82 71
88 84 71
88 85 50
88 90 74
88 91 44
88 92 68
88 95 49
88 96 70
88 97 67
88 98 78
88 99 43
89 2 51
89 3 45
89 5 54
89 6 47
89 7 59
89 8 47
89 9 64
89 10 48
89 11 73
89 13 70
89 18 62
89 19 55
89 20 44
89 21 71
89 23 40
89 24 69
89 25 43
89 26 75
89 27 47
89 28 50
89 29 49
89 30 80
89 31 79
89 33 42
89 35 74
89 36 62
89 37 61
89 38 43
89 39 61
89 41 48
89 43 58
89 44 43
89 46 54
89 47 78
89 48 61
89 49 46
89 51 53
89 55 61
89 56 77
89 60 77
89 61 53
89 62 48
89 64 76
89 66 80
89 69 49
89 70 66
89 72 76
89 74 72
89 76 59
89 77 74
89 78 57
89 80 46
89 82 63
89 84 44
89 85 56
89 87 52
89 90 71
89 91 61
89 92 73
89 94 45
89 98 63
89 99 77
90 1 75
90 5 52
90 7 62
90 9 55
90 10 56
90 11 69
90 12 60
90 15 42
90 17 50
90 19 69
90 22 52
90 23 61
90 25 66
90 27 61
90 28 61
90 29 68
90 32 70
90 33 57
90 34 55
90 35 49
90 36 79
90 38 47
90 41 40
90 42 79
90 44 65
90 46 70
90 49 64
90 50 44
90 51 43
90 52 42
90 53 49
90 54 52
90 56 63
90 59 70
90 60 77
90 61 51
90 63 47
90 65 40
90 66 75
90 67 66
90 68 44
90 69 69
90 70 56
90 72 67
90 76 52
90 77 62
90 78 40
90 79 63
90 81 46
90 82 78
90 83 49
90 85 58
90 87 49
90 88 74
90 89 71
90 92 78
90 93 43
90 94 70
90 95 71
90 96 40
90 97 64
90 98 80
90 99 45
91 1 75
91 2 47
91 3 62
91 4 45
91 5 64
91 7 53
91 10 71
91 12 53
91 13 57
91 14 66
91 16 56
91 17 80
91 18 46
91 21 71
91 22 47
91 23 64
91 24 58
91 25 50
91 28 78
91 31 48
91 32 43
91 34 77
91 35 66
91 38 57
91 39 79
91 41 45
91 42 68
91 44 58
91 46 53
91 50 65
91 51 80
91 54 54
91 55 61
91 56 74
91 57 49
91 59 45
91 60 53
91 62 76
91 63 41
91 66 55
91 69 60
91 70 80
91 72 79
91 73 47
91 74 48
91 75 67
91 77 65
91 79 66
91 82 49
91 83 44
91 84 70
91 85 47
91 88 44
91 89 61
91 92 57
91 94 56
91 95 56
91 96 57
91 98 74
92 1 79
92 2 65
92 4 44
92 7 49
92 9 73
92 11 64
92 12 79
92 13 60
92 14 42
92 15 72
92 16 68
92 17 67
92 18 43
92 19 74
92 20 52
92 21 70
92 22 47
92 23 64
92 25 43
92 28 40
92 31 76
92 32 55
92 35 66
92 36 77
92 37 78
92 38 75
92 39 50
92 43 41
92 45 70
92 46 67
92 47 48
92 48 48
92 49 48
92 50 71
92 52 59
92 53 59
92 55 50
92 56 65
92 57 53
92 59 65
92 60 52
92 61 44
92 65 76
92 66 69
92 69 63
92 70 76
92 72 77
92 73 43
92 74 59
92 75 64
92 76 80
92 79 69
92 80 60
92 82 45
92 83 77
92 85 72
92 86 64
92 87 77
92 88 68
92 89 73
92 90 78
92 91 57
92 94 77
92 95 76
92 97 64
92 98 50
92 99 51
93 2 41
93 4 71
93 5 77
93 6 50
93 10 80
93 13 62
93 14 71
93 15 79
93 16 67
93 17 52
93 20 57
93 23 49
93 24 80
93 25 48
93 26 76
93 27 72
93 28 75
93 29 53
93 32 58
93 34 43
93 36 77
93 38 47
93 39 66
93 40 52
93 42 43
93 43 65
93 44 65
93 45 51
93 46 66
93 48 66
93 49 48
93 50 63
93 52 69
93 53 75
93 54 65
93 55 64
93 56 75
93 57 41
93 59 57
93 60 75
93 62 60
93 63 43
93 64 74
93 66 71
93 67 54
93 68 74
93 69 80
93 70 50
93 71 56
93 73 41
93 74 59
93 75 80
93 77 46
93 78 68
93 79 61
93 83 68
93 84 43
93 85 67
93 86 57
93 87 42
93 90 43
93 94 78
93 96 77
93 99 60
94 1 47
94 3 44
94 6 72
94 8 44
94 10 48
94 11 42
94 12 72
94 13 71
94 14 65
94 15 47
94 16 74
94 21 60
94 22 47
94 24 71
94 25 66
94 26 51
94 27 72
94 28 62
94 31 52
94 32 54
94 33 67
94 35 57
94 37 55
94 39 46
94 42 62
94 43 40
94 44 80
94 45 60
94 48 71
94 50 58
94 52 71
94 55 80
94 58 66
94 59 77
94 61 79
94 62 42
94 63 59
94 65 51
94 66 78
94 70 49
94 71 64
94 72 60
94 73 40
94 74 73
94 76 57
94 78 48
94 79 44
94 80 74
94 86 48
94 89 45
94 90 70
94 91 56
94 92 77
94 93 78
94 96 61
94 99 53
95 3 56
95 4 70
95 7 46
95 9 43
95 10 68
95 14 56
95 15 41
95 17 69
95 18 49
95 19 45
95 23 61
95 24 45
95 26 75
95 27 45
95 30 59
95 31 80
95 35 74
95 36 50
95 37 69
95 40 49
95 41 77
95 43 47
95 44 55
95 45 58
95 46 75
95 49 71
95 50 71
95 51 78
95 53 69
95 54 68
95 56 63
95 57 75
95 58 73
95 59 55
95 60 52
95 62 59
95 64 58
95 65 61
95 67 77
95 69 69
95 70 48
95 71 61
95 72 73
95 73 68
95 75 44
95 77 66
95 79 70
95 80 73
95 81 58
95 82 75
95 83 78
95 86 71
95 87 69
95 88 49
95 90 71
95 91 56
95 92 76
95 96 55
95 97 79
96 1 58
96 4 50
96 6 67
96 8 62
96 13 51
96 15 60
96 18 44
96 20 59
96 22 69
96 23 43
96 24 64
96 25 67
96 26 49
96 27 76
96 30 69
96 33 70
96 34 44
96 35 70
96 36 67
96 38 44
96 40 77
96 41 80
96 43 67
96 47 79
96 48 59
96 51 72
96 53 68
96 54 66
96 55 51
96 56 70
96 57 68
96 58 42
96 59 69
96 60 78
96 61 65
96 62 77
96 63 67
96 64 75
96 65 61
96 66 44
96 67 80
96 69 40
96 70 43
96 71 77
96 72 62
96 73 80
96 74 49
96 75 59
96 81 71
96 84 60
96 86 80
96 87 54
96 88 70
96 90 40
96 91 57
96 93 77
96 94 61
96 95 55
96 99 48
97 1 80
97 2 56
97 4 62
97 5 69
97 6 50
97 9 72
97 10 50
97 11 46
97 16 72
97 20 40
97 21 58
97 22 46
97 23 42
97 25 40
97 26 46
97 27 78
97 28 40
97 31 64
97 32 75
97 33 47
97 34 70
97 36 71
97 37 80
97 38 40
97 39 70
97 40 49
97 45 68
97 46 42
97 47 41
97 48 68
97 49 57
97 53 70
97 54 45
97 55 47
97 56 46
97 57 62
97 58 62
97 59 72
97 62 45
97 63 73
97 65 53
97 66 51
97 68 70
97 70 71
97 72 74
97 73 55
97 75 50
97 79 53
97 80 60
97 83 68
97 86 51
97 87 68
97 88 67
97 90 64
97 92 64
97 95 79
98 1 41
98 2 79
98 4 65
98 6 41
98 7 47
98 8 43
98 10 44
98 11 53
98 13 73
98 15 53
98 16 43
98 18 43
98 19 63
98 26 80
98 27 60
98 28 75
98 29 60
98 30 50
98 35 51
98 36 40
98 37 57
98 38 72
98 39 42
98 40 52
98 41 50
98 42 52
98 43 70
98 44 43
98 46 67
98 47 65
98 49 47
98 50 79
98 52 43
98 53 76
98 54 52
98 56 55
98 58 44
98 59 70
98 60 70
98 62 62
98 63 48
98 64 79
98 66 65
98 67 60
98 68 60
98 69 70
98 72 52
98 77 76
98 78 78
98 79 49
98 80 74
98 81 59
98 84 46
98 85 55
98 86 68
98 88 78
98 89 63
98 90 80
98 91 74
98 92 50
1 t 55
3 t 56
5 t 49
6 t 47
7 t 66
8 t 57
10 t 63
12 t 47
13 t 69
17 t 65
18 t 52
19 t 48
21 t 49
23 t 77
25 t 69
28 t 70
31 t 75
33 t 79
34 t 40
35 t 66
36 t 71
40 t 76
43 t 42
46 t 51
47 t 49
48 t 67
49 t 64
51 t 40
52 t 76
54 t 74
56 t 51
58 t 51
60 t 42
61 t 40
63 t 59
66 t 41
67 t 74
68 t 61
70 t 46
71 t 69
72 t 49
73 t 44
75 t 77
77 t 47
78 t 40
79 t 72
80 t 46
81 t 48
82 t 60
84 t 58
87 t 49
88 t 43
89 t 77
90 t 45
92 t 51
93 t 60
94 t 53
96 t 48
