s 1 41
s 2 41
s 3 41
s 4 55
s 5 51
s 6 57
s 7 73
s 8 53
s 9 50
s 10 77
s 11 80
s 12 72
s 13 40
s 14 50
s 15 68
s 16 60
s 17 78
s 18 58
s 19 71
s 20 74
s 21 70
s 22 52
s 23 46
s 24 51
s 25 70
s 26 79
s 27 58
s 28 69
s 29 49
s 30 80
s 31 68
s 32 52
s 33 74
s 34 42
s 35 60
s 36 50
s 37 48
s 38 45
s 39 47
s 40 61
s 41 61
s 42 80
s 43 62
s 44 49
s 45 70
s 46 53
s 47 41
s 48 58
s 49 62
s 50 69
s 51 58
s 52 53
s 53 58
s 54 57
s 55 58
s 56 51
s 57 47
s 58 60
s 59 41
s 60 74
s 61 73
s 62 56
s 63 77
s 64 68
s 65 72
s 66 55
s 67 46
s 68 69
s 69 52
s 70 46
s 71 58
s 72 67
s 73 46
s 74 45
s 75 41
s 76 52
s 77 45
s 78 45
s 79 80
s 80 68
s 81 41
s 82 51
s 83 51
s 84 68
s 85 74
s 86 56
s 87 54
s 88 42
s 89 69
s 90 43
s 91 50
s 92 49
s 93 43
s 94 73
s 95 50
s 96 48
s 97 68
s 98 67
s 99 41
1 2 56
1 3 49
1 4 78
1 5 66
1 6 68
1 7 55
1 8 46
1 9 73
1 10 52
1 11 48
1 12 46
1 13 67
1 14 65
1 15 80
1 16 45
1 17 80
1 18 66
1 19 61
1 20 75
1 21 52
1 22 54
1 23 55
1 24 73
1 25 66
1 26 52
1 27 43
1 28 66
1 29 80
1 30 41
1 31 45
1 32 64
1 33 47
1 34 48
1 35 79
1 36 47
1 37 57
1 38 62
1 39 80
1 40 68
1 41 71
1 42 53
1 43 64
1 44 71
1 45 53
1 46 54
1 47 50
1 48 79
1 49 60
1 50 66
1 51 76
1 52 40
1 53 63
1 54 72
1 55 50
1 56 76
1 57 53
1 58 40
1 59 80
1 60 43
1 61 46
1 62 59
1 63 50
1 64 78
1 65 79
1 66 52
1 67 40
1 68 55
1 69 75
1 70 43
1 71 47
1 72 55
1 73 72
1 74 48
1 75 69
1 76 80
1 77 59
1 78 43
1 79 50
1 80 51
1 81 60
1 82 72
1 83 46
1 84 50
1 85 73
1 86 80
1 87 80
1 88 65
1 89 76
1 90 53
1 91 76
1 92 76
1 93 64
1 94 79
1 95 53
1 96 40
1 97 76
1 98 59
1 99 61
2 1 56
2 3 69
2 4 58
2 5 46
2 6 53
2 7 68
2 8 60
2 9 80
2 10 58
2 11 68
2 12 72
2 13 68
2 14 69
2 15 60
2 16 69
2 17 44
2 18 45
2 19 41
2 20 52
2 21 62
2 22 67
2 23 53
2 24 55
2 25 42
2 26 62
2 27 41
2 28 75
2 29 55
2 30 78
2 31 60
2 32 56
2 33 52
2 34 76
2 35 56
2 36 52
2 37 64
2 38 64
2 39 50
2 40 45
2 41 47
2 42 56
2 43 46
2 44 62
2 45 53
2 46 41
2 47 65
2 48 76
2 49 48
2 50 74
2 51 61
2 52 77
2 53 44
2 54 77
2 55 52
2 56 48
2 57 76
2 58 54
2 59 44
2 60 44
2 61 56
2 62 78
2 63 59
2 64 58
2 65 74
2 66 59
2 67 48
2 68 60
2 69 46
2 70 66
2 71 77
2 72 75
2 73 66
2 74 75
2 75 48
2 76 59
2 77 62
2 78 56
2 79 71
2 80 42
2 81 45
2 82 72
2 83 45
2 84 51
2 85 67
2 86 67
2 87 77
2 88 69
2 89 41
2 90 60
2 91 41
2 92 65
2 93 52
2 94 75
2 95 58
2 96 51
2 97 66
2 98 45
2 99 80
3 1 49
3 2 69
3 4 51
3 5 56
3 6 76
3 7 73
3 8 59
3 9 73
3 10 43
3 11 46
3 12 45
3 13 53
3 14 68
3 15 65
3 16 56
3 17 78
3 18 54
3 19 78
3 20 56
3 21 52
3 22 54
3 23 62
3 24 80
3 25 66
3 26 78
3 27 76
3 28 56
3 29 74
3 30 66
3 31 60
3 32 47
3 33 55
3 34 47
3 35 74
3 36 76
3 37 64
3 38 57
3 39 70
3 40 73
3 41 79
3 42 59
3 43 57
3 44 51
3 45 67
3 46 71
3 47 55
3 48 70
3 49 44
3 50 71
3 51 42
3 52 71
3 53 56
3 54 59
3 55 75
3 56 59
3 57 72
3 58 65
3 59 43
3 60 67
3 61 64
3 62 41
3 63 64
3 64 49
3 65 80
3 66 79
3 67 52
3 68 41
3 69 71
3 70 45
3 71 48
3 72 40
3 73 58
3 74 43
3 75 68
3 76 46
3 77 47
3 78 47
3 79 68
3 80 44
3 81 74
3 82 40
3 83 47
3 84 49
3 85 63
3 86 68
3 87 70
3 88 51
3 89 72
3 90 67
3 91 52
3 92 44
3 93 42
3 94 70
3 95 46
3 96 79
3 97 62
3 98 50
3 99 64
4 1 78
4 2 58
4 3 51
4 5 73
4 6 49
4 7 53
4 8 77
4 9 67
4 10 52
4 11 67
4 12 72
4 13 68
4 14 74
4 15 55
4 16 66
4 17 57
4 18 41
4 19 58
4 20 55
4 21 77
4 22 68
4 23 47
4 24 67
4 25 43
4 26 65
4 27 66
4 28 40
4 29 43
4 30 60
4 31 66
4 32 55
4 33 50
4 34 80
4 35 55
4 36 65
4 37 66
4 38 67
4 39 72
4 40 75
4 41 65
4 42 65
4 43 62
4 44 51
4 45 49
4 46 53
4 47 41
4 48 75
4 49 47
4 50 64
4 51 57
4 52 67
4 53 65
4 54 64
4 55 72
4 56 72
4 57 40
4 58 49
4 59 43
4 60 79
4 61 71
4 62 69
4 63 75
4 64 79
4 65 79
4 66 54
4 67 61
4 68 80
4 69 58
4 70 80
4 71 58
4 72 40
4 73 56
4 74 59
4 75 69
4 76 72
4 77 75
4 78 49
4 79 67
4 80 78
4 81 43
4 82 80
4 83 60
4 84 63
4 85 55
4 86 54
4 87 44
4 88 49
4 89 47
4 90 57
4 91 74
4 92 74
4 93 40
4 94 46
4 95 62
4 96 52
4 97 70
4 98 66
4 99 47
5 1 66
5 2 46
5 3 56
5 4 73
5 6 66
5 7 62
5 8 68
5 9 43
5 10 54
5 11 60
5 12 55
5 13 76
5 14 63
5 15 73
5 16 65
5 17 55
5 18 66
5 19 59
5 20 43
5 21 68
5 22 68
5 23 52
5 24 79
5 25 67
5 26 57
5 27 79
5 28 50
5 29 58
5 30 80
5 31 53
5 32 43
5 33 51
5 34 70
5 35 76
5 36 67
5 37 52
5 38 40
5 39 59
5 40 52
5 41 47
5 42 63
5 43 65
5 44 53
5 45 72
5 46 58
5 47 57
5 48 71
5 49 70
5 50 62
5 51 54
5 52 63
5 53 58
5 54 75
5 55 76
5 56 46
5 57 75
5 58 60
5 59 40
5 60 78
5 61 42
5 62 71
5 63 58
5 64 51
5 65 58
5 66 44
5 67 40
5 68 54
5 69 59
5 70 56
5 71 41
5 72 58
5 73 51
5 74 63
5 75 53
5 76 69
5 77 47
5 78 70
5 79 54
5 80 54
5 81 77
5 82 73
5 83 72
5 84 62
5 85 54
5 86 63
5 87 62
5 88 62
5 89 78
5 90 58
5 91 57
5 92 73
5 93 71
5 94 51
5 95 46
5 96 66
5 97 75
5 98 70
5 99 79
6 1 68
6 2 53
6 3 76
6 4 49
6 5 66
6 7 62
6 8 60
6 9 73
6 10 51
6 11 80
6 12 71
6 13 66
6 14 68
6 15 56
6 16 58
6 17 52
6 18 56
6 19 57
6 20 44
6 21 67
6 22 67
6 23 61
6 24 68
6 25 51
6 26 47
6 27 42
6 28 74
6 29 67
6 30 68
6 31 48
6 32 58
6 33 80
6 34 59
6 35 55
6 36 54
6 37 73
6 38 57
6 39 40
6 40 47
6 41 54
6 42 75
6 43 64
6 44 50
6 45 58
6 46 65
6 47 75
6 48 69
6 49 78
6 50 57
6 51 47
6 52 75
6 53 58
6 54 54
6 55 67
6 56 50
6 57 47
6 58 71
6 59 43
6 60 55
6 61 60
6 62 71
6 63 62
6 64 63
6 65 44
6 66 60
6 67 75
6 68 51
6 69 58
6 70 42
6 71 69
6 72 67
6 73 69
6 74 57
6 75 53
6 76 45
6 77 57
6 78 79
6 79 60
6 80 62
6 81 66
6 82 79
6 83 54
6 84 43
6 85 70
6 86 58
6 87 72
6 88 42
6 89 63
6 90 46
6 91 42
6 92 58
6 93 65
6 94 57
6 95 63
6 96 47
6 97 54
6 98 45
6 99 58
7 1 55
7 2 68
7 3 73
7 4 53
7 5 62
7 6 62
7 8 40
7 9 78
7 10 74
7 11 72
7 12 43
7 13 62
7 14 43
7 15 56
7 16 73
7 17 55
7 18 52
7 19 76
7 20 51
7 21 65
7 22 75
7 23 55
7 24 69
7 25 48
7 26 58
7 27 80
7 28 72
7 29 67
7 30 49
7 31 48
7 32 57
7 33 59
7 34 75
7 35 67
7 36 63
7 37 66
7 38 66
7 39 72
7 40 41
7 41 62
7 42 57
7 43 63
7 44 47
7 45 73
7 46 77
7 47 69
7 48 50
7 49 46
7 50 67
7 51 58
7 52 68
7 53 61
7 54 63
7 55 56
7 56 43
7 57 45
7 58 53
7 59 59
7 60 64
7 61 54
7 62 73
7 63 63
7 64 54
7 65 43
7 66 66
7 67 45
7 68 59
7 69 47
7 70 59
7 71 80
7 72 79
7 73 77
7 74 66
7 75 72
7 76 64
7 77 69
7 78 41
7 79 63
7 80 48
7 81 65
7 82 73
7 83 73
7 84 70
7 85 80
7 86 78
7 87 66
7 88 71
7 89 69
7 90 56
7 91 75
7 92 71
7 93 44
7 94 73
7 95 47
7 96 75
7 97 59
7 98 61
7 99 78
8 1 46
8 2 60
8 3 59
8 4 77
8 5 68
8 6 60
8 7 40
8 9 43
8 10 59
8 11 51
8 12 63
8 13 70
8 14 69
8 15 55
8 16 73
8 17 57
8 18 46
8 19 54
8 20 44
8 21 48
8 22 80
8 23 54
8 24 62
8 25 48
8 26 46
8 27 68
8 28 45
8 29 70
8 30 61
8 31 45
8 32 73
8 33 53
8 34 67
8 35 76
8 36 52
8 37 68
8 38 57
8 39 54
8 40 79
8 41 48
8 42 80
8 43 61
8 44 76
8 45 48
8 46 70
8 47 58
8 48 57
8 49 76
8 50 55
8 51 64
8 52 78
8 53 48
8 54 77
8 55 66
8 56 45
8 57 56
8 58 58
8 59 55
8 60 55
8 61 55
8 62 41
8 63 62
8 64 76
8 65 53
8 66 59
8 67 64
8 68 69
8 69 45
8 70 42
8 71 44
8 72 78
8 73 60
8 74 48
8 75 60
8 76 63
8 77 72
8 78 75
8 79 61
8 80 64
8 81 66
8 82 49
8 83 61
8 84 63
8 85 54
8 86 49
8 87 60
8 88 60
8 89 55
8 90 68
8 91 67
8 92 59
8 93 43
8 94 69
8 95 50
8 96 77
8 97 43
8 98 55
8 99 50
9 1 73
9 2 80
9 3 73
9 4 67
9 5 43
9 6 73
9 7 78
9 8 43
9 10 64
9 11 65
9 12 64
9 13 52
9 14 49
9 15 71
9 16 58
9 17 63
9 18 57
9 19 52
9 20 72
9 21 77
9 22 44
9 23 48
9 24 70
9 25 51
9 26 46
9 27 46
9 28 79
9 29 61
9 30 51
9 31 60
9 32 74
9 33 73
9 34 58
9 35 63
9 36 61
9 37 43
9 38 72
9 39 44
9 40 79
9 41 64
9 42 76
9 43 40
9 44 49
9 45 70
9 46 67
9 47 50
9 48 71
9 49 66
9 50 55
9 51 40
9 52 68
9 53 63
9 54 80
9 55 63
9 56 42
9 57 67
9 58 65
9 59 58
9 60 75
9 61 49
9 62 66
9 63 70
9 64 73
9 65 72
9 66 65
9 67 78
9 68 40
9 69 75
9 70 47
9 71 41
9 72 77
9 73 64
9 74 49
9 75 48
9 76 71
9 77 53
9 78 64
9 79 45
9 80 75
9 81 69
9 82 76
9 83 77
9 84 59
9 85 67
9 86 74
9 87 62
9 88 41
9 89 43
9 90 60
9 91 65
9 92 73
9 93 43
9 94 75
9 95 63
9 96 46
9 97 62
9 98 62
9 99 63
10 1 52
10 2 58
10 3 43
10 4 52
10 5 54
10 6 51
10 7 74
10 8 59
10 9 64
10 11 67
10 12 40
10 13 44
10 14 47
10 15 44
10 16 67
10 17 44
10 18 44
10 19 66
10 20 50
10 21 41
10 22 78
10 23 47
10 24 73
10 25 46
10 26 49
10 27 40
10 28 75
10 29 41
10 30 80
10 31 74
10 32 69
10 33 78
10 34 40
10 35 60
10 36 79
10 37 40
10 38 50
10 39 59
10 40 41
10 41 68
10 42 40
10 43 70
10 44 69
10 45 63
10 46 75
10 47 44
10 48 63
10 49 75
10 50 45
10 51 63
10 52 56
10 53 65
10 54 47
10 55 50
10 56 52
10 57 40
10 58 80
10 59 76
10 60 76
10 61 66
10 62 67
10 63 58
10 64 76
10 65 60
10 66 55
10 67 64
10 68 72
10 69 41
10 70 80
10 71 57
10 72 80
10 73 75
10 74 78
10 75 40
10 76 46
10 77 70
10 78 40
10 79 41
10 80 74
10 81 69
10 82 55
10 83 72
10 84 46
10 85 55
10 86 42
10 87 43
10 88 71
10 89 69
10 90 74
10 91 51
10 92 69
10 93 58
10 94 52
10 95 80
10 96 68
10 97 58
10 98 44
10 99 68
11 1 48
11 2 68
11 3 46
11 4 67
11 5 60
11 6 80
11 7 72
11 8 51
11 9 65
11 10 67
11 12 67
11 13 63
11 14 49
11 15 55
11 16 74
11 17 63
11 18 45
11 19 79
11 20 74
11 21 47
11 22 79
11 23 62
11 24 52
11 25 72
11 26 67
11 27 64
11 28 45
11 29 64
11 30 40
11 31 78
11 32 72
11 33 52
11 34 47
11 35 58
11 36 46
11 37 57
11 38 76
11 39 51
11 40 51
11 41 73
11 42 60
11 43 65
11 44 70
11 45 42
11 46 47
11 47 70
11 48 59
11 49 63
11 50 65
11 51 66
11 52 77
11 53 74
11 54 62
11 55 70
11 56 56
11 57 42
11 58 68
11 59 73
11 60 63
11 61 74
11 62 64
11 63 79
11 64 73
11 65 68
11 66 57
11 67 78
11 68 48
11 69 60
11 70 59
11 71 72
11 72 79
11 73 48
11 74 78
11 75 52
11 76 42
11 77 47
11 78 41
11 79 77
11 80 60
11 81 73
11 82 56
11 83 40
11 84 53
11 85 74
11 86 67
11 87 46
11 88 42
11 89 54
11 90 44
11 91 57
11 92 68
11 93 48
11 94 57
11 95 53
11 96 68
11 97 61
11 98 49
11 99 66
12 1 46
12 2 72
12 3 45
12 4 72
12 5 55
12 6 71
12 7 43
12 8 63
12 9 64
12 10 40
12 11 67
12 13 59
12 14 41
12 15 40
12 16 78
12 17 72
12 18 71
12 19 79
12 20 51
12 21 71
12 22 64
12 23 60
12 24 44
12 25 76
12 26 58
12 27 74
12 28 56
12 29 55
12 30 56
12 31 46
12 32 50
12 33 53
12 34 50
12 35 55
12 36 42
12 37 53
12 38 52
12 39 70
12 40 42
12 41 52
12 42 71
12 43 55
12 44 77
12 45 64
12 46 75
12 47 42
12 48 54
12 49 70
12 50 67
12 51 62
12 52 63
12 53 64
12 54 40
12 55 66
12 56 58
12 57 53
12 58 50
12 59 67
12 60 71
12 61 69
12 62 48
12 63 68
12 64 53
12 65 62
12 66 75
12 67 75
12 68 64
12 69 50
12 70 67
12 71 74
12 72 72
12 73 70
12 74 42
12 75 52
12 76 71
12 77 71
12 78 62
12 79 42
12 80 52
12 81 73
12 82 49
12 83 75
12 84 51
12 85 71
12 86 41
12 87 47
12 88 48
12 89 50
12 90 47
12 91 77
12 92 53
12 93 40
12 94 78
12 95 62
12 96 71
12 97 48
12 98 40
12 99 64
13 1 67
13 2 68
13 3 53
13 4 68
13 5 76
13 6 66
13 7 62
13 8 70
13 9 52
13 10 44
13 11 63
13 12 59
13 14 75
13 15 75
13 16 47
13 17 78
13 18 65
13 19 69
13 20 67
13 21 55
13 22 77
13 23 79
13 24 53
13 25 62
13 26 53
13 27 49
13 28 51
13 29 59
13 30 63
13 31 67
13 32 53
13 33 58
13 34 51
13 35 46
13 36 79
13 37 52
13 38 67
13 39 78
13 40 62
13 41 45
13 42 76
13 43 50
13 44 68
13 45 43
13 46 54
13 47 48
13 48 72
13 49 48
13 50 52
13 51 68
13 52 52
13 53 43
13 54 57
13 55 73
13 56 44
13 57 54
13 58 54
13 59 75
13 60 51
13 61 41
13 62 53
13 63 49
13 64 74
13 65 43
13 66 65
13 67 56
13 68 51
13 69 62
13 70 72
13 71 77
13 72 53
13 73 43
13 74 42
13 75 63
13 76 59
13 77 47
13 78 73
13 79 51
13 80 69
13 81 46
13 82 61
13 83 43
13 84 64
13 85 48
13 86 47
13 87 64
13 88 71
13 89 53
13 90 79
13 91 40
13 92 70
13 93 57
13 94 48
13 95 66
13 96 40
13 97 80
13 98 43
13 99 80
14 1 65
14 2 69
14 3 68
14 4 74
14 5 63
14 6 68
14 7 43
14 8 69
14 9 49
14 10 47
14 11 49
14 12 41
14 13 75
14 15 77
14 16 41
14 17 75
14 18 75
14 19 78
14 20 77
14 21 42
14 22 50
14 23 63
14 24 64
14 25 54
14 26 55
14 27 63
14 28 68
14 29 53
14 30 67
14 31 50
14 32 68
14 33 56
14 34 43
14 35 45
14 36 51
14 37 68
14 38 63
14 39 40
14 40 49
14 41 54
14 42 65
14 43 48
14 44 41
14 45 53
14 46 66
14 47 47
14 48 62
14 49 76
14 50 54
14 51 49
14 52 53
14 53 55
14 54 50
14 55 52
14 56 72
14 57 72
14 58 47
14 59 77
14 60 72
14 61 73
14 62 43
14 63 43
14 64 47
14 65 62
14 66 71
14 67 76
14 68 79
14 69 69
14 70 55
14 71 72
14 72 75
14 73 67
14 74 79
14 75 51
14 76 58
14 77 69
14 78 77
14 79 69
14 80 60
14 81 42
14 82 42
14 83 79
14 84 74
14 85 55
14 86 47
14 87 58
14 88 59
14 89 41
14 90 50
14 91 52
14 92 61
14 93 64
14 94 77
14 95 66
14 96 53
14 97 48
14 98 60
14 99 54
15 1 80
15 2 60
15 3 65
15 4 55
15 5 73
15 6 56
15 7 56
15 8 55
15 9 71
15 10 44
15 11 55
15 12 40
15 13 75
15 14 77
15 16 46
15 17 52
15 18 71
15 19 42
15 20 72
15 21 56
15 22 57
15 23 42
15 24 52
15 25 76
15 26 51
15 27 49
15 28 77
15 29 72
15 30 40
15 31 47
15 32 61
15 33 42
15 34 53
15 35 47
15 36 79
15 37 52
15 38 75
15 39 50
15 40 71
15 41 48
15 42 63
15 43 62
15 44 68
15 45 40
15 46 80
15 47 77
15 48 45
15 49 49
15 50 75
15 51 54
15 52 69
15 53 61
15 54 57
15 55 48
15 56 59
15 57 71
15 58 79
15 59 71
15 60 80
15 61 78
15 62 50
15 63 72
15 64 48
15 65 63
15 66 49
15 67 69
15 68 40
15 69 75
15 70 47
15 71 65
15 72 72
15 73 74
15 74 70
15 75 66
15 76 48
15 77 75
15 78 49
15 79 70
15 80 45
15 81 79
15 82 60
15 83 65
15 84 67
15 85 67
15 86 77
15 87 73
15 88 79
15 89 52
15 90 61
15 91 77
15 92 67
15 93 42
15 94 69
15 95 71
15 96 46
15 97 58
15 98 56
15 99 80
16 1 45
16 2 69
16 3 56
16 4 66
16 5 65
16 6 58
16 7 73
16 8 73
16 9 58
16 10 67
16 11 74
16 12 78
16 13 47
16 14 41
16 15 46
16 17 78
16 18 48
16 19 47
16 20 54
16 21 70
16 22 67
16 23 62
16 24 79
16 25 79
16 26 51
16 27 78
16 28 71
16 29 72
16 30 41
16 31 42
16 32 57
16 33 41
16 34 46
16 35 44
16 36 60
16 37 76
16 38 49
16 39 79
16 40 61
16 41 55
16 42 65
16 43 51
16 44 45
16 45 64
16 46 77
16 47 43
16 48 53
16 49 52
16 50 70
16 51 66
16 52 50
16 53 52
16 54 57
16 55 77
16 56 42
16 57 63
16 58 58
16 59 56
16 60 78
16 61 45
16 62 40
16 63 53
16 64 78
16 65 56
16 66 53
16 67 49
16 68 56
16 69 54
16 70 75
16 71 69
16 72 61
16 73 43
16 74 70
16 75 62
16 76 78
16 77 50
16 78 46
16 79 80
16 80 51
16 81 78
16 82 48
16 83 65
16 84 46
16 85 71
16 86 74
16 87 65
16 88 62
16 89 63
16 90 43
16 91 65
16 92 56
16 93 65
16 94 63
16 95 63
16 96 41
16 97 68
16 98 67
16 99 63
17 1 80
17 2 44
17 3 78
17 4 57
17 5 55
17 6 52
17 7 55
17 8 57
17 9 63
17 10 44
17 11 63
17 12 72
17 13 78
17 14 75
17 15 52
17 16 78
17 18 43
17 19 55
17 20 45
17 21 65
17 22 71
17 23 61
17 24 59
17 25 66
17 26 44
17 27 59
17 28 63
17 29 70
17 30 74
17 31 55
17 32 58
17 33 65
17 34 68
17 35 59
17 36 58
17 37 50
17 38 78
17 39 46
17 40 41
17 41 43
17 42 79
17 43 65
17 44 66
17 45 41
17 46 45
17 47 78
17 48 77
17 49 73
17 50 41
17 51 68
17 52 77
17 53 61
17 54 63
17 55 57
17 56 77
17 57 57
17 58 45
17 59 51
17 60 55
17 61 59
17 62 62
17 63 42
17 64 72
17 65 41
17 66 66
17 67 79
17 68 63
17 69 47
17 70 59
17 71 41
17 72 62
17 73 49
17 74 46
17 75 61
17 76 76
17 77 76
17 78 51
17 79 79
17 80 62
17 81 72
17 82 67
17 83 41
17 84 51
17 85 51
17 86 40
17 87 52
17 88 60
17 89 46
17 90 51
17 91 50
17 92 43
17 93 71
17 94 66
17 95 59
17 96 76
17 97 61
17 98 41
17 99 74
18 1 66
18 2 45
18 3 54
18 4 41
18 5 66
18 6 56
18 7 52
18 8 46
18 9 57
18 10 44
18 11 45
18 12 71
18 13 65
18 14 75
18 15 71
18 16 48
18 17 43
18 19 50
18 20 44
18 21 67
18 22 60
18 23 77
18 24 40
18 25 59
18 26 63
18 27 77
18 28 45
18 29 41
18 30 57
18 31 76
18 32 76
18 33 46
18 34 49
18 35 44
18 36 80
18 37 66
18 38 80
18 39 75
18 40 60
18 41 56
18 42 48
18 43 40
18 44 60
18 45 76
18 46 54
18 47 56
18 48 80
18 49 59
18 50 80
18 51 66
18 52 74
18 53 57
18 54 55
18 55 76
18 56 57
18 57 42
18 58 60
18 59 63
18 60 78
18 61 52
18 62 49
18 63 64
18 64 67
18 65 57
18 66 50
18 67 71
18 68 69
18 69 62
18 70 78
18 71 75
18 72 61
18 73 64
18 74 69
18 75 45
18 76 79
18 77 74
18 78 56
18 79 66
18 80 67
18 81 68
18 82 54
18 83 51
18 84 72
18 85 77
18 86 48
18 87 77
18 88 49
18 89 70
18 90 48
18 91 76
18 92 64
18 93 60
18 94 56
18 95 77
18 96 68
18 97 50
18 98 75
18 99 79
19 1 61
19 2 41
19 3 78
19 4 58
19 5 59
19 6 57
19 7 76
19 8 54
19 9 52
19 10 66
19 11 79
19 12 79
19 13 69
19 14 78
19 15 42
19 16 47
19 17 55
19 18 50
19 20 64
19 21 59
19 22 42
19 23 64
19 24 64
19 25 71
19 26 54
19 27 76
19 28 42
19 29 69
19 30 73
19 31 58
19 32 60
19 33 42
19 34 61
19 35 76
19 36 53
19 37 56
19 38 78
19 39 58
19 40 50
19 41 48
19 42 42
19 43 54
19 44 50
19 45 47
19 46 62
19 47 51
19 48 67
19 49 68
19 50 54
19 51 75
19 52 51
19 53 44
19 54 52
19 55 62
19 56 55
19 57 47
19 58 78
19 59 60
19 60 61
19 61 64
19 62 70
19 63 40
19 64 62
19 65 48
19 66 67
19 67 75
19 68 46
19 69 58
19 70 61
19 71 58
19 72 47
19 73 75
19 74 46
19 75 64
19 76 49
19 77 75
19 78 60
19 79 65
19 80 72
19 81 40
19 82 64
19 83 41
19 84 71
19 85 78
19 86 40
19 87 72
19 88 65
19 89 52
19 90 62
19 91 79
19 92 67
19 93 77
19 94 59
19 95 67
19 96 46
19 97 66
19 98 42
19 99 53
20 1 75
20 2 52
20 3 56
20 4 55
20 5 43
20 6 44
20 7 51
20 8 44
20 9 72
20 10 50
20 11 74
20 12 51
20 13 67
20 14 77
20 15 72
20 16 54
20 17 45
20 18 44
20 19 64
20 21 50
20 22 49
20 23 60
20 24 61
20 25 45
20 26 79
20 27 79
20 28 57
20 29 66
20 30 41
20 31 63
20 32 80
20 33 52
20 34 59
20 35 44
20 36 47
20 37 64
20 38 74
20 39 78
20 40 73
20 41 58
20 42 61
20 43 42
20 44 80
20 45 72
20 46 80
20 47 46
20 48 74
20 49 76
20 50 75
20 51 57
20 52 41
20 53 47
20 54 42
20 55 61
20 56 68
20 57 47
20 58 68
20 59 72
20 60 55
20 61 54
20 62 73
20 63 55
20 64 78
20 65 64
20 66 67
20 67 75
20 68 58
20 69 62
20 70 52
20 71 80
20 72 58
20 73 40
20 74 57
20 75 44
20 76 68
20 77 72
20 78 58
20 79 61
20 80 40
20 81 40
20 82 47
20 83 51
20 84 77
20 85 77
20 86 54
20 87 58
20 88 57
20 89 40
20 90 52
20 91 75
20 92 70
20 93 77
20 94 74
20 95 72
20 96 53
20 97 41
20 98 51
20 99 66
21 1 52
21 2 62
21 3 52
21 4 77
21 5 68
21 6 67
21 7 65
21 8 48
21 9 77
21 10 41
21 11 47
21 12 71
21 13 55
21 14 42
21 15 56
21 16 70
21 17 65
21 18 67
21 19 59
21 20 50
21 22 42
21 23 62
21 24 72
21 25 59
21 26 80
21 27 70
21 28 49
21 29 43
21 30 63
21 31 55
21 32 57
21 33 70
21 34 59
21 35 78
21 36 68
21 37 65
21 38 45
21 39 57
21 40 63
21 41 54
21 42 77
21 43 63
21 44 79
21 45 79
21 46 67
21 47 57
21 48 77
21 49 64
21 50 69
21 51 65
21 52 61
21 53 42
21 54 50
21 55 43
21 56 80
21 57 50
21 58 77
21 59 41
21 60 76
21 61 70
21 62 40
21 63 71
21 64 51
21 65 80
21 66 72
21 67 62
21 68 62
21 69 63
21 70 76
21 71 74
21 72 58
21 73 79
21 74 54
21 75 61
21 76 53
21 77 70
21 78 48
21 79 78
21 80 68
21 81 62
21 82 47
21 83 59
21 84 56
21 85 43
21 86 57
21 87 79
21 88 76
21 89 68
21 90 62
21 91 68
21 92 44
21 93 47
21 94 40
21 95 43
21 96 57
21 97 46
21 98 56
21 99 74
22 1 54
22 2 67
22 3 54
22 4 68
22 5 68
22 6 67
22 7 75
22 8 80
22 9 44
22 10 78
22 11 79
22 12 64
22 13 77
22 14 50
22 15 57
22 16 67
22 17 71
22 18 60
22 19 42
22 20 49
22 21 42
22 23 43
22 24 77
22 25 76
22 26 61
22 27 65
22 28 76
22 29 53
22 30 45
22 31 51
22 32 78
22 33 48
22 34 63
22 35 66
22 36 73
22 37 78
22 38 78
22 39 49
22 40 80
22 41 80
22 42 61
22 43 68
22 44 72
22 45 57
22 46 58
22 47 51
22 48 68
22 49 65
22 50 48
22 51 53
22 52 49
22 53 78
22 54 73
22 55 54
22 56 76
22 57 64
22 58 80
22 59 45
22 60 71
22 61 53
22 62 68
22 63 53
22 64 78
22 65 52
22 66 51
22 67 56
22 68 65
22 69 47
22 70 57
22 71 40
22 72 44
22 73 43
22 74 79
22 75 74
22 76 71
22 77 52
22 78 53
22 79 79
22 80 51
22 81 52
22 82 71
22 83 42
22 84 43
22 85 54
22 86 66
22 87 57
22 88 40
22 89 73
22 90 71
22 91 69
22 92 70
22 93 69
22 94 52
22 95 64
22 96 76
22 97 52
22 98 46
22 99 71
23 1 55
23 2 53
23 3 62
23 4 47
23 5 52
23 6 61
23 7 55
23 8 54
23 9 48
23 10 47
23 11 62
23 12 60
23 13 79
23 14 63
23 15 42
23 16 62
23 17 61
23 18 77
23 19 64
23 20 60
23 21 62
23 22 43
23 24 44
23 25 68
23 26 52
23 27 49
23 28 47
23 29 71
23 30 59
23 31 62
23 32 65
23 33 50
23 34 63
23 35 75
23 36 64
23 37 54
23 38 46
23 39 46
23 40 64
23 41 42
23 42 50
23 43 80
23 44 79
23 45 57
23 46 43
23 47 61
23 48 70
23 49 40
23 50 54
23 51 50
23 52 46
23 53 47
23 54 48
23 55 76
23 56 71
23 57 72
23 58 44
23 59 55
23 60 76
23 61 76
23 62 52
23 63 65
23 64 69
23 65 54
23 66 67
23 67 73
23 68 79
23 69 46
23 70 59
23 71 62
23 72 53
23 73 40
23 74 74
23 75 45
23 76 67
23 77 54
23 78 63
23 79 78
23 80 71
23 81 51
23 82 60
23 83 61
23 84 66
23 85 62
23 86 55
23 87 55
23 88 66
23 89 44
23 90 75
23 91 45
23 92 57
23 93 78
23 94 70
23 95 45
23 96 53
23 97 46
23 98 50
23 99 49
24 1 73
24 2 55
24 3 80
24 4 67
24 5 79
24 6 68
24 7 69
24 8 62
24 9 70
24 10 73
24 11 52
24 12 44
24 13 53
24 14 64
24 15 52
24 16 79
24 17 59
24 18 40
24 19 64
24 20 61
24 21 72
24 22 77
24 23 44
24 25 65
24 26 47
24 27 46
24 28 40
24 29 69
24 30 53
24 31 70
24 32 75
24 33 44
24 34 50
24 35 66
24 36 40
24 37 57
24 38 77
24 39 78
24 40 40
24 41 76
24 42 47
24 43 54
24 44 65
24 45 54
24 46 64
24 47 43
24 48 75
24 49 57
24 50 77
24 51 71
24 52 65
24 53 52
24 54 44
24 55 57
24 56 56
24 57 71
24 58 50
24 59 45
24 60 80
24 61 56
24 62 45
24 63 46
24 64 49
24 65 60
24 66 53
24 67 79
24 68 51
24 69 58
24 70 78
24 71 56
24 72 45
24 73 57
24 74 53
24 75 72
24 76 55
24 77 75
24 78 53
24 79 52
24 80 43
24 81 53
24 82 58
24 83 75
24 84 54
24 85 67
24 86 60
24 87 65
24 88 42
24 89 56
24 90 60
24 91 69
24 92 56
24 93 56
24 94 45
24 95 71
24 96 41
24 97 67
24 98 79
24 99 62
25 1 66
25 2 42
25 3 66
25 4 43
25 5 67
25 6 51
25 7 48
25 8 48
25 9 51
25 10 46
25 11 72
25 12 76
25 13 62
25 14 54
25 15 76
25 16 79
25 17 66
25 18 59
25 19 71
25 20 45
25 21 59
25 22 76
25 23 68
25 24 65
25 26 77
25 27 70
25 28 43
25 29 67
25 30 73
25 31 50
25 32 42
25 33 63
25 34 52
25 35 52
25 36 63
25 37 65
25 38 50
25 39 68
25 40 58
25 41 62
25 42 42
25 43 55
25 44 60
25 45 69
25 46 64
25 47 68
25 48 45
25 49 72
25 50 40
25 51 55
25 52 79
25 53 51
25 54 44
25 55 76
25 56 79
25 57 49
25 58 40
25 59 50
25 60 63
25 61 54
25 62 64
25 63 73
25 64 63
25 65 43
25 66 62
25 67 74
25 68 68
25 69 45
25 70 48
25 71 59
25 72 47
25 73 75
25 74 65
25 75 75
25 76 70
25 77 44
25 78 61
25 79 75
25 80 53
25 81 49
25 82 53
25 83 67
25 84 65
25 85 76
25 86 58
25 87 62
25 88 70
25 89 45
25 90 43
25 91 58
25 92 44
25 93 61
25 94 54
25 95 46
25 96 50
25 97 77
25 98 47
25 99 53
26 1 52
26 2 62
26 3 78
26 4 65
26 5 57
26 6 47
26 7 58
26 8 46
26 9 46
26 10 49
26 11 67
26 12 58
26 13 53
26 14 55
26 15 51
26 16 51
26 17 44
26 18 63
26 19 54
26 20 79
26 21 80
26 22 61
26 23 52
26 24 47
26 25 77
26 27 54
26 28 63
26 29 61
26 30 72
26 31 48
26 32 69
26 33 45
26 34 46
26 35 74
26 36 73
26 37 42
26 38 43
26 39 46
26 40 56
26 41 43
26 42 62
26 43 69
26 44 73
26 45 57
26 46 58
26 47 63
26 48 50
26 49 80
26 50 71
26 51 40
26 52 61
26 53 65
26 54 67
26 55 78
26 56 55
26 57 67
26 58 41
26 59 57
26 60 50
26 61 74
26 62 46
26 63 49
26 64 77
26 65 78
26 66 41
26 67 64
26 68 59
26 69 59
26 70 70
26 71 71
26 72 63
26 73 69
26 74 76
26 75 45
26 76 56
26 77 41
26 78 43
26 79 43
26 80 61
26 81 64
26 82 77
26 83 79
26 84 57
26 85 56
26 86 68
26 87 60
26 88 53
26 89 57
26 90 42
26 91 54
26 92 63
26 93 58
26 94 46
26 95 71
26 96 63
26 97 63
26 98 57
26 99 43
27 1 43
27 2 41
27 3 76
27 4 66
27 5 79
27 6 42
27 7 80
27 8 68
27 9 46
27 10 40
27 11 64
27 12 74
27 13 49
27 14 63
27 15 49
27 16 78
27 17 59
27 18 77
27 19 76
27 20 79
27 21 70
27 22 65
27 23 49
27 24 46
27 25 70
27 26 54
27 28 63
27 29 55
27 30 52
27 31 56
27 32 70
27 33 56
27 34 59
27 35 68
27 36 62
27 37 67
27 38 54
27 39 48
27 40 48
27 41 56
27 42 50
27 43 59
27 44 48
27 45 41
27 46 79
27 47 44
27 48 41
27 49 42
27 50 50
27 51 80
27 52 50
27 53 44
27 54 57
27 55 65
27 56 73
27 57 75
27 58 79
27 59 59
27 60 56
27 61 69
27 62 79
27 63 66
27 64 69
27 65 71
27 66 68
27 67 52
27 68 73
27 69 59
27 70 44
27 71 74
27 72 71
27 73 62
27 74 60
27 75 49
27 76 41
27 77 70
27 78 77
27 79 75
27 80 58
27 81 78
27 82 53
27 83 48
27 84 49
27 85 57
27 86 76
27 87 46
27 88 77
27 89 56
27 90 67
27 91 67
27 92 55
27 93 69
27 94 56
27 95 73
27 96 65
27 97 52
27 98 56
27 99 80
28 1 66
28 2 75
28 3 56
28 4 40
28 5 50
28 6 74
28 7 72
28 8 45
28 9 79
28 10 75
28 11 45
28 12 56
28 13 51
28 14 68
28 15 77
28 16 71
28 17 63
28 18 45
28 19 42
28 20 57
28 21 49
28 22 76
28 23 47
28 24 40
28 25 43
28 26 63
28 27 63
28 29 67
28 30 42
28 31 68
28 32 69
28 33 76
28 34 73
28 35 80
28 36 60
28 37 50
28 38 51
28 39 65
28 40 60
28 41 41
28 42 59
28 43 61
28 44 67
28 45 66
28 46 44
28 47 45
28 48 61
28 49 72
28 50 56
28 51 47
28 52 66
28 53 77
28 54 75
28 55 80
28 56 52
28 57 63
28 58 49
28 59 79
28 60 46
28 61 42
28 62 53
28 63 76
28 64 40
28 65 56
28 66 56
28 67 48
28 68 69
28 69 43
28 70 79
28 71 45
28 72 46
28 73 61
28 74 59
28 75 78
28 76 69
28 77 47
28 78 67
28 79 70
28 80 62
28 81 71
28 82 44
28 83 59
28 84 70
28 85 69
28 86 46
28 87 44
28 88 77
28 89 58
28 90 48
28 91 63
28 92 63
28 93 46
28 94 52
28 95 63
28 96 52
28 97 63
28 98 77
28 99 60
29 1 80
29 2 55
29 3 74
29 4 43
29 5 58
29 6 67
29 7 67
29 8 70
29 9 61
29 10 41
29 11 64
29 12 55
29 13 59
29 14 53
29 15 72
29 16 72
29 17 70
29 18 41
29 19 69
29 20 66
29 21 43
29 22 53
29 23 71
29 24 69
29 25 67
29 26 61
29 27 55
29 28 67
29 30 54
29 31 55
29 32 51
29 33 59
29 34 68
29 35 76
29 36 65
29 37 78
29 38 41
29 39 57
29 40 63
29 41 69
29 42 62
29 43 42
29 44 59
29 45 69
29 46 68
29 47 74
29 48 41
29 49 75
29 50 64
29 51 68
29 52 70
29 53 46
29 54 40
29 55 56
29 56 45
29 57 62
29 58 49
29 59 51
29 60 79
29 61 63
29 62 59
29 63 49
29 64 55
29 65 41
29 66 60
29 67 52
29 68 57
29 69 54
29 70 59
29 71 41
29 72 55
29 73 52
29 74 43
29 75 51
29 76 76
29 77 57
29 78 46
29 79 74
29 80 53
29 81 54
29 82 79
29 83 60
29 84 67
29 85 49
29 86 75
29 87 72
29 88 47
29 89 70
29 90 49
29 91 40
29 92 64
29 93 79
29 94 40
29 95 44
29 96 62
29 97 46
29 98 53
29 99 70
30 1 41
30 2 78
30 3 66
30 4 60
30 5 80
30 6 68
30 7 49
30 8 61
30 9 51
30 10 80
30 11 40
30 12 56
30 13 63
30 14 67
30 15 40
30 16 41
30 17 74
30 18 57
30 19 73
30 20 41
30 21 63
30 22 45
30 23 59
30 24 53
30 25 73
30 26 72
30 27 52
30 28 42
30 29 54
30 31 41
30 32 69
30 33 55
30 34 49
30 35 78
30 36 44
30 37 52
30 38 58
30 39 56
30 40 58
30 41 67
30 42 80
30 43 68
30 44 41
30 45 79
30 46 74
30 47 54
30 48 40
30 49 43
30 50 63
30 51 50
30 52 73
30 53 52
30 54 54
30 55 40
30 56 72
30 57 69
30 58 48
30 59 62
30 60 75
30 61 51
30 62 68
30 63 41
30 64 57
30 65 73
30 66 70
30 67 75
30 68 52
30 69 45
30 70 65
30 71 75
30 72 71
30 73 64
30 74 54
30 75 62
30 76 45
30 77 73
30 78 72
30 79 59
30 80 51
30 81 79
30 82 67
30 83 68
30 84 64
30 85 76
30 86 53
30 87 70
30 88 63
30 89 56
30 90 65
30 91 55
30 92 66
30 93 51
30 94 57
30 95 75
30 96 41
30 97 50
30 98 78
30 99 80
31 1 45
31 2 60
31 3 60
31 4 66
31 5 53
31 6 48
31 7 48
31 8 45
31 9 60
31 10 74
31 11 78
31 12 46
31 13 67
31 14 50
31 15 47
31 16 42
31 17 55
31 18 76
31 19 58
31 20 63
31 21 55
31 22 51
31 23 62
31 24 70
31 25 50
31 26 48
31 27 56
31 28 68
31 29 55
31 30 41
31 32 78
31 33 73
31 34 52
31 35 60
31 36 69
31 37 63
31 38 40
31 39 79
31 40 53
31 41 74
31 42 77
31 43 72
31 44 71
31 45 41
31 46 55
31 47 41
31 48 44
31 49 60
31 50 58
31 51 71
31 52 65
31 53 41
31 54 72
31 55 62
31 56 57
31 57 73
31 58 70
31 59 43
31 60 76
31 61 47
31 62 67
31 63 69
31 64 80
31 65 58
31 66 79
31 67 63
31 68 47
31 69 54
31 70 44
31 71 62
31 72 52
31 73 41
31 74 40
31 75 79
31 76 57
31 77 41
31 78 43
31 79 54
31 80 72
31 81 54
31 82 62
31 83 48
31 84 76
31 85 70
31 86 63
31 87 67
31 88 76
31 89 64
31 90 65
31 91 57
31 92 71
31 93 48
31 94 67
31 95 79
31 96 43
31 97 72
31 98 63
31 99 63
32 1 64
32 2 56
32 3 47
32 4 55
32 5 43
32 6 58
32 7 57
32 8 73
32 9 74
32 10 69
32 11 72
32 12 50
32 13 53
32 14 68
32 15 61
32 16 57
32 17 58
32 18 76
32 19 60
32 20 80
32 21 57
32 22 78
32 23 65
32 24 75
32 25 42
32 26 69
32 27 70
32 28 69
32 29 51
32 30 69
32 31 78
32 33 58
32 34 60
32 35 53
32 36 72
32 37 51
32 38 74
32 39 56
32 40 67
32 41 41
32 42 65
32 43 52
32 44 68
32 45 72
32 46 60
32 47 79
32 48 68
32 49 77
32 50 71
32 51 76
32 52 54
32 53 52
32 54 63
32 55 52
32 56 46
32 57 48
32 58 50
32 59 63
32 60 73
32 61 71
32 62 53
32 63 50
32 64 45
32 65 58
32 66 77
32 67 66
32 68 71
32 69 47
32 70 61
32 71 53
32 72 74
32 73 51
32 74 70
32 75 42
32 76 46
32 77 54
32 78 45
32 79 80
32 80 68
32 81 43
32 82 60
32 83 71
32 84 49
32 85 68
32 86 77
32 87 76
32 88 80
32 89 73
32 90 71
32 91 65
32 92 54
32 93 40
32 94 49
32 95 42
32 96 60
32 97 45
32 98 41
32 99 79
33 1 47
33 2 52
33 3 55
33 4 50
33 5 51
33 6 80
33 7 59
33 8 53
33 9 73
33 10 78
33 11 52
33 12 53
33 13 58
33 14 56
33 15 42
33 16 41
33 17 65
33 18 46
33 19 42
33 20 52
33 21 70
33 22 48
33 23 50
33 24 44
33 25 63
33 26 45
33 27 56
33 28 76
33 29 59
33 30 55
33 31 73
33 32 58
33 34 50
33 35 67
33 36 73
33 37 53
33 38 40
33 39 44
33 40 53
33 41 71
33 42 55
33 43 45
33 44 63
33 45 68
33 46 52
33 47 46
33 48 58
33 49 68
33 50 79
33 51 78
33 52 59
33 53 42
33 54 57
33 55 78
33 56 60
33 57 69
33 58 66
33 59 79
33 60 68
33 61 50
33 62 60
33 63 49
33 64 52
33 65 40
33 66 76
33 67 55
33 68 80
33 69 69
33 70 63
33 71 77
33 72 63
33 73 61
33 74 59
33 75 79
33 76 44
33 77 63
33 78 73
33 79 59
33 80 72
33 81 43
33 82 74
33 83 62
33 84 41
33 85 70
33 86 65
33 87 61
33 88 54
33 89 42
33 90 74
33 91 56
33 92 57
33 93 66
33 94 75
33 95 74
33 96 63
33 97 69
33 98 60
33 99 41
34 1 48
34 2 76
34 3 47
34 4 80
34 5 70
34 6 59
34 7 75
34 8 67
34 9 58
34 10 40
34 11 47
34 12 50
34 13 51
34 14 43
34 15 53
34 16 46
34 17 68
34 18 49
34 19 61
34 20 59
34 21 59
34 22 63
34 23 63
34 24 50
34 25 52
34 26 46
34 27 59
34 28 73
34 29 68
34 30 49
34 31 52
34 32 60
34 33 50
34 35 52
34 36 66
34 37 69
34 38 64
34 39 78
34 40 71
34 41 46
34 42 47
34 43 53
34 44 65
34 45 55
34 46 44
34 47 61
34 48 60
34 49 45
34 50 72
34 51 51
34 52 47
34 53 70
34 54 72
34 55 79
34 56 45
34 57 52
34 58 63
34 59 51
34 60 44
34 61 74
34 62 64
34 63 79
34 64 54
34 65 51
34 66 65
34 67 52
34 68 64
34 69 41
34 70 75
34 71 52
34 72 57
34 73 67
34 74 57
34 75 49
34 76 76
34 77 71
34 78 66
34 79 48
34 80 44
34 81 80
34 82 72
34 83 66
34 84 68
34 85 69
34 86 79
34 87 61
34 88 71
34 89 79
34 90 48
34 91 77
34 92 51
34 93 46
34 94 74
34 95 60
34 96 71
34 97 51
34 98 44
34 99 60
35 1 79
35 2 56
35 3 74
35 4 55
35 5 76
35 6 55
35 7 67
35 8 76
35 9 63
35 10 60
35 11 58
35 12 55
35 13 46
35 14 45
35 15 47
35 16 44
35 17 59
35 18 44
35 19 76
35 20 44
35 21 78
35 22 66
35 23 75
35 24 66
35 25 52
35 26 74
35 27 68
35 28 80
35 29 76
35 30 78
35 31 60
35 32 53
35 33 67
35 34 52
35 36 59
35 37 58
35 38 79
35 39 48
35 40 59
35 41 46
35 42 52
35 43 78
35 44 65
35 45 53
35 46 58
35 47 50
35 48 79
35 49 46
35 50 55
35 51 73
35 52 52
35 53 62
35 54 76
35 55 75
35 56 62
35 57 64
35 58 77
35 59 72
35 60 70
35 61 75
35 62 43
35 63 42
35 64 69
35 65 54
35 66 56
35 67 41
35 68 73
35 69 53
35 70 72
35 71 45
35 72 41
35 73 71
35 74 40
35 75 46
35 76 49
35 77 59
35 78 79
35 79 57
35 80 51
35 81 60
35 82 76
35 83 74
35 84 62
35 85 79
35 86 66
35 87 73
35 88 59
35 89 54
35 90 64
35 91 56
35 92 41
35 93 73
35 94 51
35 95 65
35 96 76
35 97 77
35 98 54
35 99 71
36 1 47
36 2 52
36 3 76
36 4 65
36 5 67
36 6 54
36 7 63
36 8 52
36 9 61
36 10 79
36 11 46
36 12 42
36 13 79
36 14 51
36 15 79
36 16 60
36 17 58
36 18 80
36 19 53
36 20 47
36 21 68
36 22 73
36 23 64
36 24 40
36 25 63
36 26 73
36 27 62
36 28 60
36 29 65
36 30 44
36 31 69
36 32 72
36 33 73
36 34 66
36 35 59
36 37 43
36 38 65
36 39 78
36 40 60
36 41 55
36 42 53
36 43 65
36 44 44
36 45 50
36 46 42
36 47 49
36 48 67
36 49 42
36 50 66
36 51 64
36 52 61
36 53 52
36 54 75
36 55 74
36 56 69
36 57 70
36 58 54
36 59 49
36 60 50
36 61 51
36 62 77
36 63 43
36 64 40
36 65 59
36 66 41
36 67 67
36 68 40
36 69 70
36 70 42
36 71 56
36 72 52
36 73 54
36 74 59
36 75 61
36 76 53
36 77 50
36 78 48
36 79 76
36 80 45
36 81 48
36 82 43
36 83 46
36 84 61
36 85 43
36 86 74
36 87 58
36 88 70
36 89 49
36 90 54
36 91 80
36 92 58
36 93 65
36 94 50
36 95 57
36 96 61
36 97 44
36 98 64
36 99 65
37 1 57
37 2 64
37 3 64
37 4 66
37 5 52
37 6 73
37 7 66
37 8 68
37 9 43
37 10 40
37 11 57
37 12 53
37 13 52
37 14 68
37 15 52
37 16 76
37 17 50
37 18 66
37 19 56
37 20 64
37 21 65
37 22 78
37 23 54
37 24 57
37 25 65
37 26 42
37 27 67
37 28 50
37 29 78
37 30 52
37 31 63
37 32 51
37 33 53
37 34 69
37 35 58
37 36 43
37 38 58
37 39 48
37 40 45
37 41 53
37 42 52
37 43 41
37 44 67
37 45 68
37 46 45
37 47 61
37 48 51
37 49 69
37 50 66
37 51 43
37 52 63
37 53 66
37 54 66
37 55 40
37 56 52
37 57 76
37 58 63
37 59 58
37 60 56
37 61 58
37 62 61
37 63 49
37 64 63
37 65 76
37 66 53
37 67 54
37 68 51
37 69 80
37 70 63
37 71 46
37 72 48
37 73 78
37 74 55
37 75 76
37 76 64
37 77 72
37 78 58
37 79 64
37 80 80
37 81 48
37 82 50
37 83 76
37 84 73
37 85 70
37 86 58
37 87 60
37 88 59
37 89 64
37 90 70
37 91 65
37 92 41
37 93 72
37 94 71
37 95 48
37 96 75
37 97 40
37 98 68
37 99 75
38 1 62
38 2 64
38 3 57
38 4 67
38 5 40
38 6 57
38 7 66
38 8 57
38 9 72
38 10 50
38 11 76
38 12 52
38 13 67
38 14 63
38 15 75
38 16 49
38 17 78
38 18 80
38 19 78
38 20 74
38 21 45
38 22 78
38 23 46
38 24 77
38 25 50
38 26 43
38 27 54
38 28 51
38 29 41
38 30 58
38 31 40
38 32 74
38 33 40
38 34 64
38 35 79
38 36 65
38 37 58
38 39 57
38 40 48
38 41 61
38 42 60
38 43 52
38 44 47
38 45 77
38 46 62
38 47 45
38 48 45
38 49 72
38 50 69
38 51 74
38 52 63
38 53 61
38 54 77
38 55 71
38 56 50
38 57 61
38 58 49
38 59 42
38 60 47
38 61 51
38 62 57
38 63 74
38 64 40
38 65 53
38 66 48
38 67 60
38 68 79
38 69 74
38 70 69
38 71 61
38 72 63
38 73 49
38 74 46
38 75 64
38 76 51
38 77 61
38 78 62
38 79 45
38 80 40
38 81 60
38 82 52
38 83 78
38 84 64
38 85 47
38 86 48
38 87 76
38 88 50
38 89 46
38 90 52
38 91 54
38 92 65
38 93 53
38 94 53
38 95 78
38 96 60
38 97 61
38 98 60
38 99 49
39 1 80
39 2 50
39 3 70
39 4 72
39 5 59
39 6 40
39 7 72
39 8 54
39 9 44
39 10 59
39 11 51
39 12 70
39 13 78
39 14 40
39 15 50
39 16 79
39 17 46
39 18 75
39 19 58
39 20 78
39 21 57
39 22 49
39 23 46
39 24 78
39 25 68
39 26 46
39 27 48
39 28 65
39 29 57
39 30 56
39 31 79
39 32 56
39 33 44
39 34 78
39 35 48
39 36 78
39 37 48
39 38 57
39 40 43
39 41 80
39 42 69
39 43 78
39 44 80
39 45 53
39 46 51
39 47 69
39 48 60
39 49 46
39 50 78
39 51 67
39 52 77
39 53 68
39 54 43
39 55 64
39 56 40
39 57 57
39 58 69
39 59 42
39 60 74
39 61 44
39 62 60
39 63 72
39 64 68
39 65 71
39 66 73
39 67 75
39 68 48
39 69 70
39 70 41
39 71 54
39 72 46
39 73 61
39 74 66
39 75 43
39 76 72
39 77 78
39 78 49
39 79 56
39 80 60
39 81 40
39 82 50
39 83 72
39 84 79
39 85 49
39 86 50
39 87 66
39 88 68
39 89 79
39 90 80
39 91 75
39 92 41
39 93 51
39 94 61
39 95 43
39 96 79
39 97 76
39 98 53
39 99 47
40 1 68
40 2 45
40 3 73
40 4 75
40 5 52
40 6 47
40 7 41
40 8 79
40 9 79
40 10 41
40 11 51
40 12 42
40 13 62
40 14 49
40 15 71
40 16 61
40 17 41
40 18 60
40 19 50
40 20 73
40 21 63
40 22 80
40 23 64
40 24 40
40 25 58
40 26 56
40 27 48
40 28 60
40 29 63
40 30 58
40 31 53
40 32 67
40 33 53
40 34 71
40 35 59
40 36 60
40 37 45
40 38 48
40 39 43
40 41 60
40 42 79
40 43 51
40 44 71
40 45 49
40 46 72
40 47 62
40 48 74
40 49 52
40 50 56
40 51 43
40 52 77
40 53 40
40 54 71
40 55 68
40 56 48
40 57 51
40 58 72
40 59 61
40 60 71
40 61 71
40 62 75
40 63 53
40 64 74
40 65 60
40 66 47
40 67 72
40 68 69
40 69 68
40 70 44
40 71 43
40 72 59
40 73 53
40 74 63
40 75 52
40 76 55
40 77 47
40 78 72
40 79 46
40 80 60
40 81 53
40 82 73
40 83 80
40 84 47
40 85 78
40 86 63
40 87 66
40 88 41
40 89 56
40 90 49
40 91 78
40 92 74
40 93 72
40 94 52
40 95 60
40 96 67
40 97 66
40 98 60
40 99 65
41 1 71
41 2 47
41 3 79
41 4 65
41 5 47
41 6 54
41 7 62
41 8 48
41 9 64
41 10 68
41 11 73
41 12 52
41 13 45
41 14 54
41 15 48
41 16 55
41 17 43
41 18 56
41 19 48
41 20 58
41 21 54
41 22 80
41 23 42
41 24 76
41 25 62
41 26 43
41 27 56
41 28 41
41 29 69
41 30 67
41 31 74
41 32 41
41 33 71
41 34 46
41 35 46
41 36 55
41 37 53
41 38 61
41 39 80
41 40 60
41 42 78
41 43 50
41 44 73
41 45 53
41 46 44
41 47 49
41 48 68
41 49 46
41 50 52
41 51 44
41 52 61
41 53 44
41 54 68
41 55 41
41 56 78
41 57 70
41 58 61
41 59 47
41 60 51
41 61 51
41 62 70
41 63 40
41 64 78
41 65 69
41 66 78
41 67 55
41 68 75
41 69 42
41 70 45
41 71 48
41 72 66
41 73 62
41 74 57
41 75 69
41 76 43
41 77 80
41 78 74
41 79 74
41 80 60
41 81 69
41 82 49
41 83 51
41 84 55
41 85 54
41 86 51
41 87 54
41 88 52
41 89 58
41 90 72
41 91 60
41 92 63
41 93 74
41 94 56
41 95 56
41 96 61
41 97 69
41 98 55
41 99 71
42 1 53
42 2 56
42 3 59
42 4 65
42 5 63
42 6 75
42 7 57
42 8 80
42 9 76
42 10 40
42 11 60
42 12 71
42 13 76
42 14 65
42 15 63
42 16 65
42 17 79
42 18 48
42 19 42
42 20 61
42 21 77
42 22 61
42 23 50
42 24 47
42 25 42
42 26 62
42 27 50
42 28 59
42 29 62
42 30 80
42 31 77
42 32 65
42 33 55
42 34 47
42 35 52
42 36 53
42 37 52
42 38 60
42 39 69
42 40 79
42 41 78
42 43 41
42 44 68
42 45 74
42 46 42
42 47 68
42 48 71
42 49 80
42 50 41
42 51 61
42 52 43
42 53 55
42 54 73
42 55 79
42 56 78
42 57 68
42 58 70
42 59 71
42 60 54
42 61 70
42 62 61
42 63 72
42 64 61
42 65 74
42 66 47
42 67 56
42 68 63
42 69 50
42 70 47
42 71 63
42 72 53
42 73 63
42 74 40
42 75 72
42 76 77
42 77 46
42 78 45
42 79 79
42 80 57
42 81 50
42 82 69
42 83 43
42 84 42
42 85 48
42 86 61
42 87 55
42 88 58
42 89 80
42 90 79
42 91 57
42 92 66
42 93 78
42 94 40
42 95 74
42 96 65
42 97 69
42 98 79
42 99 71
43 1 64
43 2 46
43 3 57
43 4 62
43 5 65
43 6 64
43 7 63
43 8 61
43 9 40
43 10 70
43 11 65
43 12 55
43 13 50
43 14 48
43 15 62
43 16 51
43 17 65
43 18 40
43 19 54
43 20 42
43 21 63
43 22 68
43 23 80
43 24 54
43 25 55
43 26 69
43 27 59
43 28 61
43 29 42
43 30 68
43 31 72
43 32 52
43 33 45
43 34 53
43 35 78
43 36 65
43 37 41
43 38 52
43 39 78
43 40 51
43 41 50
43 42 41
43 44 52
43 45 67
43 46 53
43 47 60
43 48 59
43 49 43
43 50 73
43 51 40
43 52 58
43 53 53
43 54 47
43 55 80
43 56 66
43 57 51
43 58 69
43 59 49
43 60 76
43 61 65
43 62 52
43 63 55
43 64 62
43 65 43
43 66 59
43 67 64
43 68 41
43 69 51
43 70 64
43 71 77
43 72 63
43 73 40
43 74 50
43 75 72
43 76 55
43 77 70
43 78 65
43 79 76
43 80 54
43 81 70
43 82 74
43 83 56
43 84 62
43 85 54
43 86 53
43 87 63
43 88 41
43 89 60
43 90 49
43 91 65
43 92 59
43 93 58
43 94 80
43 95 79
43 96 63
43 97 66
43 98 79
43 99 68
44 1 71
44 2 62
44 3 51
44 4 51
44 5 53
44 6 50
44 7 47
44 8 76
44 9 49
44 10 69
44 11 70
44 12 77
44 13 68
44 14 41
44 15 68
44 16 45
44 17 66
44 18 60
44 19 50
44 20 80
44 21 79
44 22 72
44 23 79
44 24 65
44 25 60
44 26 73
44 27 48
44 28 67
44 29 59
44 30 41
44 31 71
44 32 68
44 33 63
44 34 65
44 35 65
44 36 44
44 37 67
44 38 47
44 39 80
44 40 71
44 41 73
44 42 68
44 43 52
44 45 77
44 46 77
44 47 49
44 48 50
44 49 74
44 50 42
44 51 56
44 52 49
44 53 57
44 54 54
44 55 73
44 56 58
44 57 45
44 58 76
44 59 56
44 60 63
44 61 72
44 62 71
44 63 49
44 64 69
44 65 75
44 66 42
44 67 55
44 68 49
44 69 67
44 70 66
44 71 55
44 72 73
44 73 61
44 74 70
44 75 68
44 76 42
44 77 71
44 78 71
44 79 67
44 80 52
44 81 75
44 82 56
44 83 54
44 84 65
44 85 74
44 86 47
44 87 62
44 88 71
44 89 57
44 90 61
44 91 40
44 92 63
44 93 55
44 94 40
44 95 55
44 96 73
44 97 77
44 98 56
44 99 68
45 1 53
45 2 53
45 3 67
45 4 49
45 5 72
45 6 58
45 7 73
45 8 48
45 9 70
45 10 63
45 11 42
45 12 64
45 13 43
45 14 53
45 15 40
45 16 64
45 17 41
45 18 76
45 19 47
45 20 72
45 21 79
45 22 57
45 23 57
45 24 54
45 25 69
45 26 57
45 27 41
45 28 66
45 29 69
45 30 79
45 31 41
45 32 72
45 33 68
45 34 55
45 35 53
45 36 50
45 37 68
45 38 77
45 39 53
45 40 49
45 41 53
45 42 74
45 43 67
45 44 77
45 46 55
45 47 45
45 48 69
45 49 48
45 50 62
45 51 59
45 52 48
45 53 67
45 54 59
45 55 63
45 56 59
45 57 67
45 58 53
45 59 54
45 60 64
45 61 46
45 62 42
45 63 48
45 64 73
45 65 55
45 66 64
45 67 41
45 68 59
45 69 47
45 70 57
45 71 62
45 72 53
45 73 40
45 74 78
45 75 74
45 76 47
45 77 78
45 78 72
45 79 70
45 80 76
45 81 59
45 82 59
45 83 72
45 84 60
45 85 47
45 86 50
45 87 80
45 88 48
45 89 62
45 90 64
45 91 55
45 92 80
45 93 55
45 94 50
45 95 47
45 96 72
45 97 40
45 98 77
45 99 77
46 1 54
46 2 41
46 3 71
46 4 53
46 5 58
46 6 65
46 7 77
46 8 70
46 9 67
46 10 75
46 11 47
46 12 75
46 13 54
46 14 66
46 15 80
46 16 77
46 17 45
46 18 54
46 19 62
46 20 80
46 21 67
46 22 58
46 23 43
46 24 64
46 25 64
46 26 58
46 27 79
46 28 44
46 29 68
46 30 74
46 31 55
46 32 60
46 33 52
46 34 44
46 35 58
46 36 42
46 37 45
46 38 62
46 39 51
46 40 72
46 41 44
46 42 42
46 43 53
46 44 77
46 45 55
46 47 46
46 48 67
46 49 59
46 50 59
46 51 57
46 52 41
46 53 78
46 54 53
46 55 52
46 56 56
46 57 67
46 58 77
46 59 76
46 60 61
46 61 75
46 62 46
46 63 40
46 64 78
46 65 60
46 66 78
46 67 76
46 68 45
46 69 79
46 70 66
46 71 46
46 72 58
46 73 61
46 74 54
46 75 57
46 76 51
46 77 63
46 78 67
46 79 55
46 80 65
46 81 49
46 82 49
46 83 48
46 84 56
46 85 77
46 86 76
46 87 80
46 88 65
46 89 77
46 90 69
46 91 74
46 92 62
46 93 63
46 94 40
46 95 47
46 96 72
46 97 69
46 98 76
46 99 41
47 1 50
47 2 65
47 3 55
47 4 41
47 5 57
47 6 75
47 7 69
47 8 58
47 9 50
47 10 44
47 11 70
47 12 42
47 13 48
47 14 47
47 15 77
47 16 43
47 17 78
47 18 56
47 19 51
47 20 46
47 21 57
47 22 51
47 23 61
47 24 43
47 25 68
47 26 63
47 27 44
47 28 45
47 29 74
47 30 54
47 31 41
47 32 79
47 33 46
47 34 61
47 35 50
47 36 49
47 37 61
47 38 45
47 39 69
47 40 62
47 41 49
47 42 68
47 43 60
47 44 49
47 45 45
47 46 46
47 48 69
47 49 70
47 50 68
47 51 73
47 52 45
47 53 68
47 54 71
47 55 67
47 56 67
47 57 70
47 58 59
47 59 48
47 60 46
47 61 54
47 62 74
47 63 51
47 64 74
47 65 71
47 66 79
47 67 78
47 68 64
47 69 53
47 70 66
47 71 60
47 72 40
47 73 49
47 74 74
47 75 47
47 76 76
47 77 58
47 78 51
47 79 78
47 80 65
47 81 43
47 82 79
47 83 50
47 84 61
47 85 63
47 86 59
47 87 40
47 88 58
47 89 67
47 90 43
47 91 68
47 92 78
47 93 48
47 94 61
47 95 47
47 96 69
47 97 69
47 98 51
47 99 80
48 1 79
48 2 76
48 3 70
48 4 75
48 5 71
48 6 69
48 7 50
48 8 57
48 9 71
48 10 63
48 11 59
48 12 54
48 13 72
48 14 62
48 15 45
48 16 53
48 17 77
48 18 80
48 19 67
48 20 74
48 21 77
48 22 68
48 23 70
48 24 75
48 25 45
48 26 50
48 27 41
48 28 61
48 29 41
48 30 40
48 31 44
48 32 68
48 33 58
48 34 60
48 35 79
48 36 67
48 37 51
48 38 45
48 39 60
48 40 74
48 41 68
48 42 71
48 43 59
48 44 50
48 45 69
48 46 67
48 47 69
48 49 56
48 50 71
48 51 50
48 52 55
48 53 46
48 54 52
48 55 65
48 56 56
48 57 55
48 58 73
48 59 42
48 60 68
48 61 77
48 62 73
48 63 71
48 64 43
48 65 61
48 66 63
48 67 43
48 68 40
48 69 47
48 70 63
48 71 77
48 72 68
48 73 44
48 74 58
48 75 52
48 76 72
48 77 66
48 78 62
48 79 40
48 80 57
48 81 43
48 82 57
48 83 53
48 84 47
48 85 58
48 86 68
48 87 80
48 88 69
48 89 64
48 90 60
48 91 79
48 92 50
48 93 75
48 94 65
48 95 72
48 96 67
48 97 73
48 98 48
48 99 49
49 1 60
49 2 48
49 3 44
49 4 47
49 5 70
49 6 78
49 7 46
49 8 76
49 9 66
49 10 75
49 11 63
49 12 70
49 13 48
49 14 76
49 15 49
49 16 52
49 17 73
49 18 59
49 19 68
49 20 76
49 21 64
49 22 65
49 23 40
49 24 57
49 25 72
49 26 80
49 27 42
49 28 72
49 29 75
49 30 43
49 31 60
49 32 77
49 33 68
49 34 45
49 35 46
49 36 42
49 37 69
49 38 72
49 39 46
49 40 52
49 41 46
49 42 80
49 43 43
49 44 74
49 45 48
49 46 59
49 47 70
49 48 56
49 50 42
49 51 43
49 52 40
49 53 55
49 54 53
49 55 48
49 56 78
49 57 63
49 58 46
49 59 74
49 60 79
49 61 60
49 62 65
49 63 59
49 64 50
49 65 44
49 66 41
49 67 55
49 68 79
49 69 48
49 70 71
49 71 46
49 72 76
49 73 75
49 74 55
49 75 69
49 76 66
49 77 53
49 78 72
49 79 50
49 80 48
49 81 68
49 82 44
49 83 71
49 84 60
49 85 74
49 86 53
49 87 60
49 88 40
49 89 66
49 90 59
49 91 56
49 92 76
49 93 68
49 94 53
49 95 73
49 96 43
49 97 48
49 98 52
49 99 76
50 1 66
50 2 74
50 3 71
50 4 64
50 5 62
50 6 57
50 7 67
50 8 55
50 9 55
50 10 45
50 11 65
50 12 67
50 13 52
50 14 54
50 15 75
50 16 70
50 17 41
50 18 80
50 19 54
50 20 75
50 21 69
50 22 48
50 23 54
50 24 77
50 25 40
50 26 71
50 27 50
50 28 56
50 29 64
50 30 63
50 31 58
50 32 71
50 33 79
50 34 72
50 35 55
50 36 66
50 37 66
50 38 69
50 39 78
50 40 56
50 41 52
50 42 41
50 43 73
50 44 42
50 45 62
50 46 59
50 47 68
50 48 71
50 49 42
50 51 53
50 52 47
50 53 79
50 54 66
50 55 70
50 56 67
50 57 46
50 58 48
50 59 59
50 60 48
50 61 46
50 62 59
50 63 70
50 64 80
50 65 73
50 66 67
50 67 72
50 68 46
50 69 65
50 70 64
50 71 42
50 72 53
50 73 72
50 74 47
50 75 51
50 76 43
50 77 78
50 78 57
50 79 55
50 80 75
50 81 70
50 82 64
50 83 55
50 84 50
50 85 68
50 86 45
50 87 70
50 88 43
50 89 71
50 90 79
50 91 67
50 92 40
50 93 76
50 94 50
50 95 70
50 96 49
50 97 57
50 98 75
50 99 64
51 1 76
51 2 61
51 3 42
51 4 57
51 5 54
51 6 47
51 7 58
51 8 64
51 9 40
51 10 63
51 11 66
51 12 62
51 13 68
51 14 49
51 15 54
51 16 66
51 17 68
51 18 66
51 19 75
51 20 57
51 21 65
51 22 53
51 23 50
51 24 71
51 25 55
51 26 40
51 27 80
51 28 47
51 29 68
51 30 50
51 31 71
51 32 76
51 33 78
51 34 51
51 35 73
51 36 64
51 37 43
51 38 74
51 39 67
51 40 43
51 41 44
51 42 61
51 43 40
51 44 56
51 45 59
51 46 57
51 47 73
51 48 50
51 49 43
51 50 53
51 52 72
51 53 58
51 54 70
51 55 50
51 56 63
51 57 73
51 58 72
51 59 58
51 60 57
51 61 52
51 62 57
51 63 44
51 64 72
51 65 70
51 66 48
51 67 49
51 68 79
51 69 71
51 70 46
51 71 80
51 72 64
51 73 62
51 74 55
51 75 62
51 76 56
51 77 77
51 78 56
51 79 48
51 80 56
51 81 76
51 82 67
51 83 76
51 84 52
51 85 54
51 86 78
51 87 70
51 88 72
51 89 80
51 90 51
51 91 76
51 92 75
51 93 58
51 94 40
51 95 73
51 96 74
51 97 69
51 98 68
51 99 57
52 1 40
52 2 77
52 3 71
52 4 67
52 5 63
52 6 75
52 7 68
52 8 78
52 9 68
52 10 56
52 11 77
52 12 63
52 13 52
52 14 53
52 15 69
52 16 50
52 17 77
52 18 74
52 19 51
52 20 41
52 21 61
52 22 49
52 23 46
52 24 65
52 25 79
52 26 61
52 27 50
52 28 66
52 29 70
52 30 73
52 31 65
52 32 54
52 33 59
52 34 47
52 35 52
52 36 61
52 37 63
52 38 63
52 39 77
52 40 77
52 41 61
52 42 43
52 43 58
52 44 49
52 45 48
52 46 41
52 47 45
52 48 55
52 49 40
52 50 47
52 51 72
52 53 66
52 54 77
52 55 66
52 56 75
52 57 73
52 58 66
52 59 43
52 60 58
52 61 69
52 62 68
52 63 59
52 64 61
52 65 62
52 66 52
52 67 68
52 68 65
52 69 57
52 70 64
52 71 73
52 72 42
52 73 73
52 74 49
52 75 64
52 76 41
52 77 48
52 78 60
52 79 48
52 80 70
52 81 50
52 82 55
52 83 43
52 84 70
52 85 72
52 86 71
52 87 49
52 88 45
52 89 69
52 90 74
52 91 44
52 92 59
52 93 52
52 94 56
52 95 69
52 96 73
52 97 53
52 98 44
52 99 59
53 1 63
53 2 44
53 3 56
53 4 65
53 5 58
53 6 58
53 7 61
53 8 48
53 9 63
53 10 65
53 11 74
53 12 64
53 13 43
53 14 55
53 15 61
53 16 52
53 17 61
53 18 57
53 19 44
53 20 47
53 21 42
53 22 78
53 23 47
53 24 52
53 25 51
53 26 65
53 27 44
53 28 77
53 29 46
53 30 52
53 31 41
53 32 52
53 33 42
53 34 70
53 35 62
53 36 52
53 37 66
53 38 61
53 39 68
53 40 40
53 41 44
53 42 55
53 43 53
53 44 57
53 45 67
53 46 78
53 47 68
53 48 46
53 49 55
53 50 79
53 51 58
53 52 66
53 54 70
53 55 51
53 56 67
53 57 40
53 58 69
53 59 48
53 60 66
53 61 79
53 62 46
53 63 78
53 64 64
53 65 43
53 66 57
53 67 77
53 68 55
53 69 70
53 70 51
53 71 64
53 72 73
53 73 69
53 74 67
53 75 58
53 76 65
53 77 44
53 78 60
53 79 63
53 80 53
53 81 79
53 82 67
53 83 51
53 84 58
53 85 65
53 86 58
53 87 76
53 88 51
53 89 55
53 90 51
53 91 44
53 92 78
53 93 70
53 94 42
53 95 40
53 96 50
53 97 54
53 98 55
53 99 43
54 1 72
54 2 77
54 3 59
54 4 64
54 5 75
54 6 54
54 7 63
54 8 77
54 9 80
54 10 47
54 11 62
54 12 40
54 13 57
54 14 50
54 15 57
54 16 57
54 17 63
54 18 55
54 19 52
54 20 42
54 21 50
54 22 73
54 23 48
54 24 44
54 25 44
54 26 67
54 27 57
54 28 75
54 29 40
54 30 54
54 31 72
54 32 63
54 33 57
54 34 72
54 35 76
54 36 75
54 37 66
54 38 77
54 39 43
54 40 71
54 41 68
54 42 73
54 43 47
54 44 54
54 45 59
54 46 53
54 47 71
54 48 52
54 49 53
54 50 66
54 51 70
54 52 77
54 53 70
54 55 72
54 56 55
54 57 62
54 58 79
54 59 77
54 60 74
54 61 74
54 62 67
54 63 80
54 64 44
54 65 74
54 66 66
54 67 60
54 68 40
54 69 49
54 70 62
54 71 43
54 72 77
54 73 72
54 74 61
54 75 43
54 76 72
54 77 63
54 78 63
54 79 78
54 80 79
54 81 59
54 82 79
54 83 71
54 84 62
54 85 70
54 86 55
54 87 46
54 88 47
54 89 74
54 90 77
54 91 52
54 92 69
54 93 75
54 94 75
54 95 41
54 96 58
54 97 80
54 98 58
54 99 77
55 1 50
55 2 52
55 3 75
55 4 72
55 5 76
55 6 67
55 7 56
55 8 66
55 9 63
55 10 50
55 11 70
55 12 66
55 13 73
55 14 52
55 15 48
55 16 77
55 17 57
55 18 76
55 19 62
55 20 61
55 21 43
55 22 54
55 23 76
55 24 57
55 25 76
55 26 78
55 27 65
55 28 80
55 29 56
55 30 40
55 31 62
55 32 52
55 33 78
55 34 79
55 35 75
55 36 74
55 37 40
55 38 71
55 39 64
55 40 68
55 41 41
55 42 79
55 43 80
55 44 73
55 45 63
55 46 52
55 47 67
55 48 65
55 49 48
55 50 70
55 51 50
55 52 66
55 53 51
55 54 72
55 56 73
55 57 76
55 58 58
55 59 62
55 60 47
55 61 73
55 62 40
55 63 55
55 64 72
55 65 52
55 66 61
55 67 64
55 68 59
55 69 71
55 70 44
55 71 47
55 72 46
55 73 65
55 74 67
55 75 74
55 76 47
55 77 76
55 78 54
55 79 50
55 80 57
55 81 76
55 82 47
55 83 58
55 84 54
55 85 40
55 86 69
55 87 72
55 88 61
55 89 77
55 90 49
55 91 52
55 92 63
55 93 68
55 94 59
55 95 45
55 96 74
55 97 72
55 98 76
55 99 51
56 1 76
56 2 48
56 3 59
56 4 72
56 5 46
56 6 50
56 7 43
56 8 45
56 9 42
56 10 52
56 11 56
56 12 58
56 13 44
56 14 72
56 15 59
56 16 42
56 17 77
56 18 57
56 19 55
56 20 68
56 21 80
56 22 76
56 23 71
56 24 56
56 25 79
56 26 55
56 27 73
56 28 52
56 29 45
56 30 72
56 31 57
56 32 46
56 33 60
56 34 45
56 35 62
56 36 69
56 37 52
56 38 50
56 39 40
56 40 48
56 41 78
56 42 78
56 43 66
56 44 58
56 45 59
56 46 56
56 47 67
56 48 56
56 49 78
56 50 67
56 51 63
56 52 75
56 53 67
56 54 55
56 55 73
56 57 40
56 58 52
56 59 75
56 60 73
56 61 47
56 62 52
56 63 74
56 64 58
56 65 63
56 66 52
56 67 41
56 68 80
56 69 68
56 70 75
56 71 72
56 72 43
56 73 46
56 74 59
56 75 69
56 76 40
56 77 60
56 78 80
56 79 73
56 80 55
56 81 40
56 82 55
56 83 66
56 84 48
56 85 49
56 86 50
56 87 78
56 88 54
56 89 53
56 90 70
56 91 49
56 92 41
56 93 42
56 94 61
56 95 42
56 96 57
56 97 42
56 98 68
56 99 59
57 1 53
57 2 76
57 3 72
57 4 40
57 5 75
57 6 47
57 7 45
57 8 56
57 9 67
57 10 40
57 11 42
57 12 53
57 13 54
57 14 72
57 15 71
57 16 63
57 17 57
57 18 42
57 19 47
57 20 47
57 21 50
57 22 64
57 23 72
57 24 71
57 25 49
57 26 67
57 27 75
57 28 63
57 29 62
57 30 69
57 31 73
57 32 48
57 33 69
57 34 52
57 35 64
57 36 70
57 37 76
57 38 61
57 39 57
57 40 51
57 41 70
57 42 68
57 43 51
57 44 45
57 45 67
57 46 67
57 47 70
57 48 55
57 49 63
57 50 46
57 51 73
57 52 73
57 53 40
57 54 62
57 55 76
57 56 40
57 58 76
57 59 70
57 60 41
57 61 50
57 62 79
57 63 63
57 64 49
57 65 74
57 66 57
57 67 61
57 68 66
57 69 44
57 70 61
57 71 44
57 72 71
57 73 58
57 74 70
57 75 66
57 76 45
57 77 50
57 78 55
57 79 68
57 80 53
57 81 53
57 82 78
57 83 68
57 84 61
57 85 46
57 86 64
57 87 60
57 88 52
57 89 54
57 90 40
57 91 69
57 92 71
57 93 49
57 94 53
57 95 73
57 96 58
57 97 40
57 98 41
57 99 61
58 1 40
58 2 54
58 3 65
58 4 49
58 5 60
58 6 71
58 7 53
58 8 58
58 9 65
58 10 80
58 11 68
58 12 50
58 13 54
58 14 47
58 15 79
58 16 58
58 17 45
58 18 60
58 19 78
58 20 68
58 21 77
58 22 80
58 23 44
58 24 50
58 25 40
58 26 41
58 27 79
58 28 49
58 29 49
58 30 48
58 31 70
58 32 50
58 33 66
58 34 63
58 35 77
58 36 54
58 37 63
58 38 49
58 39 69
58 40 72
58 41 61
58 42 70
58 43 69
58 44 76
58 45 53
58 46 77
58 47 59
58 48 73
58 49 46
58 50 48
58 51 72
58 52 66
58 53 69
58 54 79
58 55 58
58 56 52
58 57 76
58 59 53
58 60 53
58 61 80
58 62 78
58 63 75
58 64 76
58 65 71
58 66 75
58 67 72
58 68 72
58 69 52
58 70 64
58 71 41
58 72 47
58 73 77
58 74 73
58 75 70
58 76 53
58 77 79
58 78 49
58 79 67
58 80 49
58 81 66
58 82 61
58 83 53
58 84 42
58 85 71
58 86 50
58 87 52
58 88 66
58 89 54
58 90 64
58 91 71
58 92 75
58 93 75
58 94 53
58 95 45
58 96 65
58 97 59
58 98 48
58 99 61
59 1 80
59 2 44
59 3 43
59 4 43
59 5 40
59 6 43
59 7 59
59 8 55
59 9 58
59 10 76
59 11 73
59 12 67
59 13 75
59 14 77
59 15 71
59 16 56
59 17 51
59 18 63
59 19 60
59 20 72
59 21 41
59 22 45
59 23 55
59 24 45
59 25 50
59 26 57
59 27 59
59 28 79
59 29 51
59 30 62
59 31 43
59 32 63
59 33 79
59 34 51
59 35 72
59 36 49
59 37 58
59 38 42
59 39 42
59 40 61
59 41 47
59 42 71
59 43 49
59 44 56
59 45 54
59 46 76
59 47 48
59 48 42
59 49 74
59 50 59
59 51 58
59 52 43
59 53 48
59 54 77
59 55 62
59 56 75
59 57 70
59 58 53
59 60 55
59 61 55
59 62 44
59 63 66
59 64 61
59 65 52
59 66 62
59 67 69
59 68 41
59 69 60
59 70 74
59 71 59
59 72 80
59 73 54
59 74 70
59 75 48
59 76 46
59 77 66
59 78 54
59 79 59
59 80 80
59 81 59
59 82 70
59 83 74
59 84 76
59 85 57
59 86 53
59 87 40
59 88 55
59 89 74
59 90 74
59 91 80
59 92 61
59 93 77
59 94 41
59 95 68
59 96 73
59 97 79
59 98 71
59 99 78
60 1 43
60 2 44
60 3 67
60 4 79
60 5 78
60 6 55
60 7 64
60 8 55
60 9 75
60 10 76
60 11 63
60 12 71
60 13 51
60 14 72
60 15 80
60 16 78
60 17 55
60 18 78
60 19 61
60 20 55
60 21 76
60 22 71
60 23 76
60 24 80
60 25 63
60 26 50
60 27 56
60 28 46
60 29 79
60 30 75
60 31 76
60 32 73
60 33 68
60 34 44
60 35 70
60 36 50
60 37 56
60 38 47
60 39 74
60 40 71
60 41 51
60 42 54
60 43 76
60 44 63
60 45 64
60 46 61
60 47 46
60 48 68
60 49 79
60 50 48
60 51 57
60 52 58
60 53 66
60 54 74
60 55 47
60 56 73
60 57 41
60 58 53
60 59 55
60 61 58
60 62 46
60 63 72
60 64 59
60 65 41
60 66 76
60 67 44
60 68 72
60 69 61
60 70 47
60 71 76
60 72 77
60 73 61
60 74 58
60 75 73
60 76 57
60 77 43
60 78 50
60 79 77
60 80 76
60 81 52
60 82 51
60 83 74
60 84 65
60 85 75
60 86 80
60 87 41
60 88 63
60 89 59
60 90 73
60 91 68
60 92 80
60 93 55
60 94 73
60 95 49
60 96 75
60 97 60
60 98 71
60 99 65
61 1 46
61 2 56
61 3 64
61 4 71
61 5 42
61 6 60
61 7 54
61 8 55
61 9 49
61 10 66
61 11 74
61 12 69
61 13 41
61 14 73
61 15 78
61 16 45
61 17 59
61 18 52
61 19 64
61 20 54
61 21 70
61 22 53
61 23 76
61 24 56
61 25 54
61 26 74
61 27 69
61 28 42
61 29 63
61 30 51
61 31 47
61 32 71
61 33 50
61 34 74
61 35 75
61 36 51
61 37 58
61 38 51
61 39 44
61 40 71
61 41 51
61 42 70
61 43 65
61 44 72
61 45 46
61 46 75
61 47 54
61 48 77
61 49 60
61 50 46
61 51 52
61 52 69
61 53 79
61 54 74
61 55 73
61 56 47
61 57 50
61 58 80
61 59 55
61 60 58
61 62 41
61 63 58
61 64 58
61 65 60
61 66 51
61 67 69
61 68 55
61 69 45
61 70 46
61 71 61
61 72 79
61 73 66
61 74 63
61 75 59
61 76 46
61 77 59
61 78 58
61 79 44
61 80 46
61 81 53
61 82 40
61 83 73
61 84 64
61 85 75
61 86 41
61 87 63
61 88 58
61 89 73
61 90 44
61 91 54
61 92 55
61 93 54
61 94 73
61 95 42
61 96 42
61 97 61
61 98 50
61 99 54
62 1 59
62 2 78
62 3 41
62 4 69
62 5 71
62 6 71
62 7 73
62 8 41
62 9 66
62 10 67
62 11 64
62 12 48
62 13 53
62 14 43
62 15 50
62 16 40
62 17 62
62 18 49
62 19 70
62 20 73
62 21 40
62 22 68
62 23 52
62 24 45
62 25 64
62 26 46
62 27 79
62 28 53
62 29 59
62 30 68
62 31 67
62 32 53
62 33 60
62 34 64
62 35 43
62 36 77
62 37 61
62 38 57
62 39 60
62 40 75
62 41 70
62 42 61
62 43 52
62 44 71
62 45 42
62 46 46
62 47 74
62 48 73
62 49 65
62 50 59
62 51 57
62 52 68
62 53 46
62 54 67
62 55 40
62 56 52
62 57 79
62 58 78
62 59 44
62 60 46
62 61 41
62 63 62
62 64 48
62 65 51
62 66 72
62 67 60
62 68 55
62 69 64
62 70 66
62 71 64
62 72 41
62 73 62
62 74 56
62 75 55
62 76 61
62 77 45
62 78 76
62 79 76
62 80 75
62 81 56
62 82 55
62 83 61
62 84 59
62 85 48
62 86 56
62 87 66
62 88 41
62 89 44
62 90 74
62 91 41
62 92 51
62 93 42
62 94 72
62 95 64
62 96 49
62 97 69
62 98 78
62 99 43
63 1 50
63 2 59
63 3 64
63 4 75
63 5 58
63 6 62
63 7 63
63 8 62
63 9 70
63 10 58
63 11 79
63 12 68
63 13 49
63 14 43
63 15 72
63 16 53
63 17 42
63 18 64
63 19 40
63 20 55
63 21 71
63 22 53
63 23 65
63 24 46
63 25 73
63 26 49
63 27 66
63 28 76
63 29 49
63 30 41
63 31 69
63 32 50
63 33 49
63 34 79
63 35 42
63 36 43
63 37 49
63 38 74
63 39 72
63 40 53
63 41 40
63 42 72
63 43 55
63 44 49
63 45 48
63 46 40
63 47 51
63 48 71
63 49 59
63 50 70
63 51 44
63 52 59
63 53 78
63 54 80
63 55 55
63 56 74
63 57 63
63 58 75
63 59 66
63 60 72
63 61 58
63 62 62
63 64 42
63 65 54
63 66 66
63 67 62
63 68 50
63 69 47
63 70 63
63 71 73
63 72 41
63 73 75
63 74 64
63 75 51
63 76 40
63 77 49
63 78 45
63 79 40
63 80 63
63 81 63
63 82 79
63 83 79
63 84 48
63 85 80
63 86 48
63 87 46
63 88 64
63 89 54
63 90 64
63 91 64
63 92 74
63 93 68
63 94 58
63 95 69
63 96 66
63 97 60
63 98 78
63 99 77
64 1 78
64 2 58
64 3 49
64 4 79
64 5 51
64 6 63
64 7 54
64 8 76
64 9 73
64 10 76
64 11 73
64 12 53
64 13 74
64 14 47
64 15 48
64 16 78
64 17 72
64 18 67
64 19 62
64 20 78
64 21 51
64 22 78
64 23 69
64 24 49
64 25 63
64 26 77
64 27 69
64 28 40
64 29 55
64 30 57
64 31 80
64 32 45
64 33 52
64 34 54
64 35 69
64 36 40
64 37 63
64 38 40
64 39 68
64 40 74
64 41 78
64 42 61
64 43 62
64 44 69
64 45 73
64 46 78
64 47 74
64 48 43
64 49 50
64 50 80
64 51 72
64 52 61
64 53 64
64 54 44
64 55 72
64 56 58
64 57 49
64 58 76
64 59 61
64 60 59
64 61 58
64 62 48
64 63 42
64 65 64
64 66 64
64 67 46
64 68 56
64 69 45
64 70 69
64 71 62
64 72 44
64 73 43
64 74 73
64 75 51
64 76 47
64 77 40
64 78 59
64 79 70
64 80 53
64 81 56
64 82 53
64 83 41
64 84 62
64 85 59
64 86 70
64 87 73
64 88 48
64 89 65
64 90 80
64 91 41
64 92 54
64 93 40
64 94 53
64 95 71
64 96 48
64 97 43
64 98 49
64 99 68
65 1 79
65 2 74
65 3 80
65 4 79
65 5 58
65 6 44
65 7 43
65 8 53
65 9 72
65 10 60
65 11 68
65 12 62
65 13 43
65 14 62
65 15 63
65 16 56
65 17 41
65 18 57
65 19 48
65 20 64
65 21 80
65 22 52
65 23 54
65 24 60
65 25 43
65 26 78
65 27 71
65 28 56
65 29 41
65 30 73
65 31 58
65 32 58
65 33 40
65 34 51
65 35 54
65 36 59
65 37 76
65 38 53
65 39 71
65 40 60
65 41 69
65 42 74
65 43 43
65 44 75
65 45 55
65 46 60
65 47 71
65 48 61
65 49 44
65 50 73
65 51 70
65 52 62
65 53 43
65 54 74
65 55 52
65 56 63
65 57 74
65 58 71
65 59 52
65 60 41
65 61 60
65 62 51
65 63 54
65 64 64
65 66 44
65 67 69
65 68 40
65 69 72
65 70 68
65 71 76
65 72 60
65 73 75
65 74 76
65 75 76
65 76 59
65 77 60
65 78 51
65 79 58
65 80 55
65 81 56
65 82 62
65 83 61
65 84 65
65 85 42
65 86 65
65 87 52
65 88 77
65 89 54
65 90 59
65 91 41
65 92 66
65 93 57
65 94 47
65 95 80
65 96 75
65 97 41
65 98 59
65 99 57
66 1 52
66 2 59
66 3 79
66 4 54
66 5 44
66 6 60
66 7 66
66 8 59
66 9 65
66 10 55
66 11 57
66 12 75
66 13 65
66 14 71
66 15 49
66 16 53
66 17 66
66 18 50
66 19 67
66 20 67
66 21 72
66 22 51
66 23 67
66 24 53
66 25 62
66 26 41
66 27 68
66 28 56
66 29 60
66 30 70
66 31 79
66 32 77
66 33 76
66 34 65
66 35 56
66 36 41
66 37 53
66 38 48
66 39 73
66 40 47
66 41 78
66 42 47
66 43 59
66 44 42
66 45 64
66 46 78
66 47 79
66 48 63
66 49 41
66 50 67
66 51 48
66 52 52
66 53 57
66 54 66
66 55 61
66 56 52
66 57 57
66 58 75
66 59 62
66 60 76
66 61 51
66 62 72
66 63 66
66 64 64
66 65 44
66 67 62
66 68 77
66 69 76
66 70 75
66 71 42
66 72 63
66 73 55
66 74 53
66 75 46
66 76 45
66 77 43
66 78 40
66 79 44
66 80 44
66 81 54
66 82 46
66 83 42
66 84 44
66 85 71
66 86 58
66 87 53
66 88 68
66 89 63
66 90 69
66 91 61
66 92 46
66 93 71
66 94 44
66 95 46
66 96 57
66 97 64
66 98 48
66 99 64
67 1 40
67 2 48
67 3 52
67 4 61
67 5 40
67 6 75
67 7 45
67 8 64
67 9 78
67 10 64
67 11 78
67 12 75
67 13 56
67 14 76
67 15 69
67 16 49
67 17 79
67 18 71
67 19 75
67 20 75
67 21 62
67 22 56
67 23 73
67 24 79
67 25 74
67 26 64
67 27 52
67 28 48
67 29 52
67 30 75
67 31 63
67 32 66
67 33 55
67 34 52
67 35 41
67 36 67
67 37 54
67 38 60
67 39 75
67 40 72
67 41 55
67 42 56
67 43 64
67 44 55
67 45 41
67 46 76
67 47 78
67 48 43
67 49 55
67 50 72
67 51 49
67 52 68
67 53 77
67 54 60
67 55 64
67 56 41
67 57 61
67 58 72
67 59 69
67 60 44
67 61 69
67 62 60
67 63 62
67 64 46
67 65 69
67 66 62
67 68 70
67 69 58
67 70 62
67 71 72
67 72 78
67 73 42
67 74 44
67 75 76
67 76 68
67 77 77
67 78 60
67 79 54
67 80 50
67 81 52
67 82 68
67 83 45
67 84 44
67 85 45
67 86 72
67 87 70
67 88 69
67 89 43
67 90 43
67 91 57
67 92 54
67 93 47
67 94 66
67 95 73
67 96 77
67 97 42
67 98 44
67 99 57
68 1 55
68 2 60
68 3 41
68 4 80
68 5 54
68 6 51
68 7 59
68 8 69
68 9 40
68 10 72
68 11 48
68 12 64
68 13 51
68 14 79
68 15 40
68 16 56
68 17 63
68 18 69
68 19 46
68 20 58
68 21 62
68 22 65
68 23 79
68 24 51
68 25 68
68 26 59
68 27 73
68 28 69
68 29 57
68 30 52
68 31 47
68 32 71
68 33 80
68 34 64
68 35 73
68 36 40
68 37 51
68 38 79
68 39 48
68 40 69
68 41 75
68 42 63
68 43 41
68 44 49
68 45 59
68 46 45
68 47 64
68 48 40
68 49 79
68 50 46
68 51 79
68 52 65
68 53 55
68 54 40
68 55 59
68 56 80
68 57 66
68 58 72
68 59 41
68 60 72
68 61 55
68 62 55
68 63 50
68 64 56
68 65 40
68 66 77
68 67 70
68 69 73
68 70 60
68 71 40
68 72 70
68 73 45
68 74 45
68 75 60
68 76 69
68 77 78
68 78 78
68 79 75
68 80 62
68 81 41
68 82 48
68 83 45
68 84 80
68 85 58
68 86 76
68 87 50
68 88 59
68 89 65
68 90 71
68 91 75
68 92 43
68 93 42
68 94 58
68 95 45
68 96 60
68 97 58
68 98 76
68 99 64
69 1 75
69 2 46
69 3 71
69 4 58
69 5 59
69 6 58
69 7 47
69 8 45
69 9 75
69 10 41
69 11 60
69 12 50
69 13 62
69 14 69
69 15 75
69 16 54
69 17 47
69 18 62
69 19 58
69 20 62
69 21 63
69 22 47
69 23 46
69 24 58
69 25 45
69 26 59
69 27 59
69 28 43
69 29 54
69 30 45
69 31 54
69 32 47
69 33 69
69 34 41
69 35 53
69 36 70
69 37 80
69 38 74
69 39 70
69 40 68
69 41 42
69 42 50
69 43 51
69 44 67
69 45 47
69 46 79
69 47 53
69 48 47
69 49 48
69 50 65
69 51 71
69 52 57
69 53 70
69 54 49
69 55 71
69 56 68
69 57 44
69 58 52
69 59 60
69 60 61
69 61 45
69 62 64
69 63 47
69 64 45
69 65 72
69 66 76
69 67 58
69 68 73
69 70 49
69 71 63
69 72 62
69 73 48
69 74 41
69 75 48
69 76 72
69 77 50
69 78 69
69 79 78
69 80 72
69 81 80
69 82 72
69 83 41
69 84 62
69 85 80
69 86 54
69 87 54
69 88 76
69 89 60
69 90 73
69 91 46
69 92 76
69 93 51
69 94 58
69 95 40
69 96 80
69 97 62
69 98 54
69 99 46
70 1 43
70 2 66
70 3 45
70 4 80
70 5 56
70 6 42
70 7 59
70 8 42
70 9 47
70 10 80
70 11 59
70 12 67
70 13 72
70 14 55
70 15 47
70 16 75
70 17 59
70 18 78
70 19 61
70 20 52
70 21 76
70 22 57
70 23 59
70 24 78
70 25 48
70 26 70
70 27 44
70 28 79
70 29 59
70 30 65
70 31 44
70 32 61
70 33 63
70 34 75
70 35 72
70 36 42
70 37 63
70 38 69
70 39 41
70 40 44
70 41 45
70 42 47
70 43 64
70 44 66
70 45 57
70 46 66
70 47 66
70 48 63
70 49 71
70 50 64
70 51 46
70 52 64
70 53 51
70 54 62
70 55 44
70 56 75
70 57 61
70 58 64
70 59 74
70 60 47
70 61 46
70 62 66
70 63 63
70 64 69
70 65 68
70 66 75
70 67 62
70 68 60
70 69 49
70 71 48
70 72 71
70 73 47
70 74 79
70 75 53
70 76 56
70 77 51
70 78 78
70 79 48
70 80 59
70 81 43
70 82 43
70 83 40
70 84 67
70 85 77
70 86 48
70 87 58
70 88 66
70 89 66
70 90 73
70 91 54
70 92 80
70 93 52
70 94 57
70 95 43
70 96 78
70 97 59
70 98 75
70 99 53
71 1 47
71 2 77
71 3 48
71 4 58
71 5 41
71 6 69
71 7 80
71 8 44
71 9 41
71 10 57
71 11 72
71 12 74
71 13 77
71 14 72
71 15 65
71 16 69
71 17 41
71 18 75
71 19 58
71 20 80
71 21 74
71 22 40
71 23 62
71 24 56
71 25 59
71 26 71
71 27 74
71 28 45
71 29 41
71 30 75
71 31 62
71 32 53
71 33 77
71 34 52
71 35 45
71 36 56
71 37 46
71 38 61
71 39 54
71 40 43
71 41 48
71 42 63
71 43 77
71 44 55
71 45 62
71 46 46
71 47 60
71 48 77
71 49 46
71 50 42
71 51 80
71 52 73
71 53 64
71 54 43
71 55 47
71 56 72
71 57 44
71 58 41
71 59 59
71 60 76
71 61 61
71 62 64
71 63 73
71 64 62
71 65 76
71 66 42
71 67 72
71 68 40
71 69 63
71 70 48
71 72 61
71 73 76
71 74 69
71 75 67
71 76 54
71 77 62
71 78 68
71 79 68
71 80 63
71 81 69
71 82 46
71 83 62
71 84 63
71 85 68
71 86 63
71 87 44
71 88 67
71 89 41
71 90 54
71 91 57
71 92 73
71 93 61
71 94 72
71 95 49
71 96 41
71 97 75
71 98 62
71 99 61
72 1 55
72 2 75
72 3 40
72 4 40
72 5 58
72 6 67
72 7 79
72 8 78
72 9 77
72 10 80
72 11 79
72 12 72
72 13 53
72 14 75
72 15 72
72 16 61
72 17 62
72 18 61
72 19 47
72 20 58
72 21 58
72 22 44
72 23 53
72 24 45
72 25 47
72 26 63
72 27 71
72 28 46
72 29 55
72 30 71
72 31 52
72 32 74
72 33 63
72 34 57
72 35 41
72 36 52
72 37 48
72 38 63
72 39 46
72 40 59
72 41 66
72 42 53
72 43 63
72 44 73
72 45 53
72 46 58
72 47 40
72 48 68
72 49 76
72 50 53
72 51 64
72 52 42
72 53 73
72 54 77
72 55 46
72 56 43
72 57 71
72 58 47
72 59 80
72 60 77
72 61 79
72 62 41
72 63 41
72 64 44
72 65 60
72 66 63
72 67 78
72 68 70
72 69 62
72 70 71
72 71 61
72 73 74
72 74 55
72 75 79
72 76 56
72 77 45
72 78 40
72 79 64
72 80 80
72 81 74
72 82 56
72 83 55
72 84 44
72 85 48
72 86 79
72 87 50
72 88 57
72 89 65
72 90 71
72 91 69
72 92 53
72 93 77
72 94 64
72 95 67
72 96 43
72 97 63
72 98 69
72 99 40
73 1 72
73 2 66
73 3 58
73 4 56
73 5 51
73 6 69
73 7 77
73 8 60
73 9 64
73 10 75
73 11 48
73 12 70
73 13 43
73 14 67
73 15 74
73 16 43
73 17 49
73 18 64
73 19 75
73 20 40
73 21 79
73 22 43
73 23 40
73 24 57
73 25 75
73 26 69
73 27 62
73 28 61
73 29 52
73 30 64
73 31 41
73 32 51
73 33 61
73 34 67
73 35 71
73 36 54
73 37 78
73 38 49
73 39 61
73 40 53
73 41 62
73 42 63
73 43 40
73 44 61
73 45 40
73 46 61
73 47 49
73 48 44
73 49 75
73 50 72
73 51 62
73 52 73
73 53 69
73 54 72
73 55 65
73 56 46
73 57 58
73 58 77
73 59 54
73 60 61
73 61 66
73 62 62
73 63 75
73 64 43
73 65 75
73 66 55
73 67 42
73 68 45
73 69 48
73 70 47
73 71 76
73 72 74
73 74 64
73 75 80
73 76 50
73 77 74
73 78 78
73 79 45
73 80 48
73 81 54
73 82 61
73 83 53
73 84 43
73 85 45
73 86 46
73 87 64
73 88 57
73 89 41
73 90 74
73 91 80
73 92 40
73 93 41
73 94 50
73 95 52
73 96 66
73 97 50
73 98 51
73 99 78
74 1 48
74 2 75
74 3 43
74 4 59
74 5 63
74 6 57
74 7 66
74 8 48
74 9 49
74 10 78
74 11 78
74 12 42
74 13 42
74 14 79
74 15 70
74 16 70
74 17 46
74 18 69
74 19 46
74 20 57
74 21 54
74 22 79
74 23 74
74 24 53
74 25 65
74 26 76
74 27 60
74 28 59
74 29 43
74 30 54
74 31 40
74 32 70
74 33 59
74 34 57
74 35 40
74 36 59
74 37 55
74 38 46
74 39 66
74 40 63
74 41 57
74 42 40
74 43 50
74 44 70
74 45 78
74 46 54
74 47 74
74 48 58
74 49 55
74 50 47
74 51 55
74 52 49
74 53 67
74 54 61
74 55 67
74 56 59
74 57 70
74 58 73
74 59 70
74 60 58
74 61 63
74 62 56
74 63 64
74 64 73
74 65 76
74 66 53
74 67 44
74 68 45
74 69 41
74 70 79
74 71 69
74 72 55
74 73 64
74 75 44
74 76 68
74 77 77
74 78 58
74 79 41
74 80 67
74 81 80
74 82 51
74 83 50
74 84 70
74 85 44
74 86 67
74 87 71
74 88 61
74 89 51
74 90 43
74 91 80
74 92 47
74 93 60
74 94 52
74 95 70
74 96 51
74 97 50
74 98 61
74 99 80
75 1 69
75 2 48
75 3 68
75 4 69
75 5 53
75 6 53
75 7 72
75 8 60
75 9 48
75 10 40
75 11 52
75 12 52
75 13 63
75 14 51
75 15 66
75 16 62
75 17 61
75 18 45
75 19 64
75 20 44
75 21 61
75 22 74
75 23 45
75 24 72
75 25 75
75 26 45
75 27 49
75 28 78
75 29 51
75 30 62
75 31 79
75 32 42
75 33 79
75 34 49
75 35 46
75 36 61
75 37 76
75 38 64
75 39 43
75 40 52
75 41 69
75 42 72
75 43 72
75 44 68
75 45 74
75 46 57
75 47 47
75 48 52
75 49 69
75 50 51
75 51 62
75 52 64
75 53 58
75 54 43
75 55 74
75 56 69
75 57 66
75 58 70
75 59 48
75 60 73
75 61 59
75 62 55
75 63 51
75 64 51
75 65 76
75 66 46
75 67 76
75 68 60
75 69 48
75 70 53
75 71 67
75 72 79
75 73 80
75 74 44
75 76 77
75 77 58
75 78 46
75 79 66
75 80 40
75 81 43
75 82 62
75 83 78
75 84 66
75 85 51
75 86 47
75 87 69
75 88 59
75 89 77
75 90 51
75 91 44
75 92 45
75 93 40
75 94 63
75 95 80
75 96 77
75 97 40
75 98 54
75 99 67
76 1 80
76 2 59
76 3 46
76 4 72
76 5 69
76 6 45
76 7 64
76 8 63
76 9 71
76 10 46
76 11 42
76 12 71
76 13 59
76 14 58
76 15 48
76 16 78
76 17 76
76 18 79
76 19 49
76 20 68
76 21 53
76 22 71
76 23 67
76 24 55
76 25 70
76 26 56
76 27 41
76 28 69
76 29 76
76 30 45
76 31 57
76 32 46
76 33 44
76 34 76
76 35 49
76 36 53
76 37 64
76 38 51
76 39 72
76 40 55
76 41 43
76 42 77
76 43 55
76 44 42
76 45 47
76 46 51
76 47 76
76 48 72
76 49 66
76 50 43
76 51 56
76 52 41
76 53 65
76 54 72
76 55 47
76 56 40
76 57 45
76 58 53
76 59 46
76 60 57
76 61 46
76 62 61
76 63 40
76 64 47
76 65 59
76 66 45
76 67 68
76 68 69
76 69 72
76 70 56
76 71 54
76 72 56
76 73 50
76 74 68
76 75 77
76 77 80
76 78 58
76 79 46
76 80 57
76 81 56
76 82 74
76 83 66
76 84 71
76 85 42
76 86 52
76 87 43
76 88 57
76 89 51
76 90 60
76 91 68
76 92 64
76 93 55
76 94 79
76 95 49
76 96 72
76 97 60
76 98 78
76 99 49
77 1 59
77 2 62
77 3 47
77 4 75
77 5 47
77 6 57
77 7 69
77 8 72
77 9 53
77 10 70
77 11 47
77 12 71
77 13 47
77 14 69
77 15 75
77 16 50
77 17 76
77 18 74
77 19 75
77 20 72
77 21 70
77 22 52
77 23 54
77 24 75
77 25 44
77 26 41
77 27 70
77 28 47
77 29 57
77 30 73
77 31 41
77 32 54
77 33 63
77 34 71
77 35 59
77 36 50
77 37 72
77 38 61
77 39 78
77 40 47
77 41 80
77 42 46
77 43 70
77 44 71
77 45 78
77 46 63
77 47 58
77 48 66
77 49 53
77 50 78
77 51 77
77 52 48
77 53 44
77 54 63
77 55 76
77 56 60
77 57 50
77 58 79
77 59 66
77 60 43
77 61 59
77 62 45
77 63 49
77 64 40
77 65 60
77 66 43
77 67 77
77 68 78
77 69 50
77 70 51
77 71 62
77 72 45
77 73 74
77 74 77
77 75 58
77 76 80
77 78 42
77 79 52
77 80 65
77 81 42
77 82 54
77 83 59
77 84 79
77 85 57
77 86 65
77 87 76
77 88 73
77 89 79
77 90 40
77 91 59
77 92 73
77 93 48
77 94 51
77 95 78
77 96 61
77 97 61
77 98 79
77 99 55
78 1 43
78 2 56
78 3 47
78 4 49
78 5 70
78 6 79
78 7 41
78 8 75
78 9 64
78 10 40
78 11 41
78 12 62
78 13 73
78 14 77
78 15 49
78 16 46
78 17 51
78 18 56
78 19 60
78 20 58
78 21 48
78 22 53
78 23 63
78 24 53
78 25 61
78 26 43
78 27 77
78 28 67
78 29 46
78 30 72
78 31 43
78 32 45
78 33 73
78 34 66
78 35 79
78 36 48
78 37 58
78 38 62
78 39 49
78 40 72
78 41 74
78 42 45
78 43 65
78 44 71
78 45 72
78 46 67
78 47 51
78 48 62
78 49 72
78 50 57
78 51 56
78 52 60
78 53 60
78 54 63
78 55 54
78 56 80
78 57 55
78 58 49
78 59 54
78 60 50
78 61 58
78 62 76
78 63 45
78 64 59
78 65 51
78 66 40
78 67 60
78 68 78
78 69 69
78 70 78
78 71 68
78 72 40
78 73 78
78 74 58
78 75 46
78 76 58
78 77 42
78 79 55
78 80 58
78 81 42
78 82 73
78 83 45
78 84 56
78 85 42
78 86 70
78 87 45
78 88 47
78 89 61
78 90 75
78 91 44
78 92 45
78 93 78
78 94 80
78 95 55
78 96 57
78 97 45
78 98 56
78 99 74
79 1 50
79 2 71
79 3 68
79 4 67
79 5 54
79 6 60
79 7 63
79 8 61
79 9 45
79 10 41
79 11 77
79 12 42
79 13 51
79 14 69
79 15 70
79 16 80
79 17 79
79 18 66
79 19 65
79 20 61
79 21 78
79 22 79
79 23 78
79 24 52
79 25 75
79 26 43
79 27 75
79 28 70
79 29 74
79 30 59
79 31 54
79 32 80
79 33 59
79 34 48
79 35 57
79 36 76
79 37 64
79 38 45
79 39 56
79 40 46
79 41 74
79 42 79
79 43 76
79 44 67
79 45 70
79 46 55
79 47 78
79 48 40
79 49 50
79 50 55
79 51 48
79 52 48
79 53 63
79 54 78
79 55 50
79 56 73
79 57 68
79 58 67
79 59 59
79 60 77
79 61 44
79 62 76
79 63 40
79 64 70
79 65 58
79 66 44
79 67 54
79 68 75
79 69 78
79 70 48
79 71 68
79 72 64
79 73 45
79 74 41
79 75 66
79 76 46
79 77 52
79 78 55
79 80 60
79 81 80
79 82 77
79 83 69
79 84 57
79 85 47
79 86 56
79 87 79
79 88 43
79 89 56
79 90 56
79 91 65
79 92 40
79 93 72
79 94 75
79 95 53
79 96 79
79 97 43
79 98 79
79 99 54
80 1 51
80 2 42
80 3 44
80 4 78
80 5 54
80 6 62
80 7 48
80 8 64
80 9 75
80 10 74
80 11 60
80 12 52
80 13 69
80 14 60
80 15 45
80 16 51
80 17 62
80 18 67
80 19 72
80 20 40
80 21 68
80 22 51
80 23 71
80 24 43
80 25 53
80 26 61
80 27 58
80 28 62
80 29 53
80 30 51
80 31 72
80 32 68
80 33 72
80 34 44
80 35 51
80 36 45
80 37 80
80 38 40
80 39 60
80 40 60
80 41 60
80 42 57
80 43 54
80 44 52
80 45 76
80 46 65
80 47 65
80 48 57
80 49 48
80 50 75
80 51 56
80 52 70
80 53 53
80 54 79
80 55 57
80 56 55
80 57 53
80 58 49
80 59 80
80 60 76
80 61 46
80 62 75
80 63 63
80 64 53
80 65 55
80 66 44
80 67 50
80 68 62
80 69 72
80 70 59
80 71 63
80 72 80
80 73 48
80 74 67
80 75 40
80 76 57
80 77 65
80 78 58
80 79 60
80 81 72
80 82 76
80 83 47
80 84 80
80 85 62
80 86 63
80 87 58
80 88 77
80 89 79
80 90 52
80 91 60
80 92 49
80 93 72
80 94 48
80 95 78
80 96 43
80 97 52
80 98 68
80 99 64
81 1 60
81 2 45
81 3 74
81 4 43
81 5 77
81 6 66
81 7 65
81 8 66
81 9 69
81 10 69
81 11 73
81 12 73
81 13 46
81 14 42
81 15 79
81 16 78
81 17 72
81 18 68
81 19 40
81 20 40
81 21 62
81 22 52
81 23 51
81 24 53
81 25 49
81 26 64
81 27 78
81 28 71
81 29 54
81 30 79
81 31 54
81 32 43
81 33 43
81 34 80
81 35 60
81 36 48
81 37 48
81 38 60
81 39 40
81 40 53
81 41 69
81 42 50
81 43 70
81 44 75
81 45 59
81 46 49
81 47 43
81 48 43
81 49 68
81 50 70
81 51 76
81 52 50
81 53 79
81 54 59
81 55 76
81 56 40
81 57 53
81 58 66
81 59 59
81 60 52
81 61 53
81 62 56
81 63 63
81 64 56
81 65 56
81 66 54
81 67 52
81 68 41
81 69 80
81 70 43
81 71 69
81 72 74
81 73 54
81 74 80
81 75 43
81 76 56
81 77 42
81 78 42
81 79 80
81 80 72
81 82 61
81 83 76
81 84 47
81 85 67
81 86 64
81 87 68
81 88 58
81 89 42
81 90 49
81 91 68
81 92 49
81 93 67
81 94 61
81 95 76
81 96 72
81 97 43
81 98 57
81 99 70
82 1 72
82 2 72
82 3 40
82 4 80
82 5 73
82 6 79
82 7 73
82 8 49
82 9 76
82 10 55
82 11 56
82 12 49
82 13 61
82 14 42
82 15 60
82 16 48
82 17 67
82 18 54
82 19 64
82 20 47
82 21 47
82 22 71
82 23 60
82 24 58
82 25 53
82 26 77
82 27 53
82 28 44
82 29 79
82 30 67
82 31 62
82 32 60
82 33 74
82 34 72
82 35 76
82 36 43
82 37 50
82 38 52
82 39 50
82 40 73
82 41 49
82 42 69
82 43 74
82 44 56
82 45 59
82 46 49
82 47 79
82 48 57
82 49 44
82 50 64
82 51 67
82 52 55
82 53 67
82 54 79
82 55 47
82 56 55
82 57 78
82 58 61
82 59 70
82 60 51
82 61 40
82 62 55
82 63 79
82 64 53
82 65 62
82 66 46
82 67 68
82 68 48
82 69 72
82 70 43
82 71 46
82 72 56
82 73 61
82 74 51
82 75 62
82 76 74
82 77 54
82 78 73
82 79 77
82 80 76
82 81 61
82 83 54
82 84 42
82 85 55
82 86 47
82 87 77
82 88 43
82 89 79
82 90 47
82 91 79
82 92 42
82 93 47
82 94 69
82 95 73
82 96 56
82 97 44
82 98 52
82 99 51
83 1 46
83 2 45
83 3 47
83 4 60
83 5 72
83 6 54
83 7 73
83 8 61
83 9 77
83 10 72
83 11 40
83 12 75
83 13 43
83 14 79
83 15 65
83 16 65
83 17 41
83 18 51
83 19 41
83 20 51
83 21 59
83 22 42
83 23 61
83 24 75
83 25 67
83 26 79
83 27 48
83 28 59
83 29 60
83 30 68
83 31 48
83 32 71
83 33 62
83 34 66
83 35 74
83 36 46
83 37 76
83 38 78
83 39 72
83 40 80
83 41 51
83 42 43
83 43 56
83 44 54
83 45 72
83 46 48
83 47 50
83 48 53
83 49 71
83 50 55
83 51 76
83 52 43
83 53 51
83 54 71
83 55 58
83 56 66
83 57 68
83 58 53
83 59 74
83 60 74
83 61 73
83 62 61
83 63 79
83 64 41
83 65 61
83 66 42
83 67 45
83 68 45
83 69 41
83 70 40
83 71 62
83 72 55
83 73 53
83 74 50
83 75 78
83 76 66
83 77 59
83 78 45
83 79 69
83 80 47
83 81 76
83 82 54
83 84 61
83 85 76
83 86 77
83 87 65
83 88 40
83 89 55
83 90 78
83 91 60
83 92 80
83 93 70
83 94 58
83 95 73
83 96 66
83 97 64
83 98 70
83 99 70
84 1 50
84 2 51
84 3 49
84 4 63
84 5 62
84 6 43
84 7 70
84 8 63
84 9 59
84 10 46
84 11 53
84 12 51
84 13 64
84 14 74
84 15 67
84 16 46
84 17 51
84 18 72
84 19 71
84 20 77
84 21 56
84 22 43
84 23 66
84 24 54
84 25 65
84 26 57
84 27 49
84 28 70
84 29 67
84 30 64
84 31 76
84 32 49
84 33 41
84 34 68
84 35 62
84 36 61
84 37 73
84 38 64
84 39 79
84 40 47
84 41 55
84 42 42
84 43 62
84 44 65
84 45 60
84 46 56
84 47 61
84 48 47
84 49 60
84 50 50
84 51 52
84 52 70
84 53 58
84 54 62
84 55 54
84 56 48
84 57 61
84 58 42
84 59 76
84 60 65
84 61 64
84 62 59
84 63 48
84 64 62
84 65 65
84 66 44
84 67 44
84 68 80
84 69 62
84 70 67
84 71 63
84 72 44
84 73 43
84 74 70
84 75 66
84 76 71
84 77 79
84 78 56
84 79 57
84 80 80
84 81 47
84 82 42
84 83 61
84 85 56
84 86 67
84 87 63
84 88 74
84 89 52
84 90 46
84 91 52
84 92 58
84 93 52
84 94 57
84 95 47
84 96 69
84 97 80
84 98 70
84 99 63
85 1 73
85 2 67
85 3 63
85 4 55
85 5 54
85 6 70
85 7 80
85 8 54
85 9 67
85 10 55
85 11 74
85 12 71
85 13 48
85 14 55
85 15 67
85 16 71
85 17 51
85 18 77
85 19 78
85 20 77
85 21 43
85 22 54
85 23 62
85 24 67
85 25 76
85 26 56
85 27 57
85 28 69
85 29 49
85 30 76
85 31 70
85 32 68
85 33 70
85 34 69
85 35 79
85 36 43
85 37 70
85 38 47
85 39 49
85 40 78
85 41 54
85 42 48
85 43 54
85 44 74
85 45 47
85 46 77
85 47 63
85 48 58
85 49 74
85 50 68
85 51 54
85 52 72
85 53 65
85 54 70
85 55 40
85 56 49
85 57 46
85 58 71
85 59 57
85 60 75
85 61 75
85 62 48
85 63 80
85 64 59
85 65 42
85 66 71
85 67 45
85 68 58
85 69 80
85 70 77
85 71 68
85 72 48
85 73 45
85 74 44
85 75 51
85 76 42
85 77 57
85 78 42
85 79 47
85 80 62
85 81 67
85 82 55
85 83 76
85 84 56
85 86 74
85 87 50
85 88 48
85 89 56
85 90 44
85 91 60
85 92 63
85 93 43
85 94 51
85 95 55
85 96 64
85 97 79
85 98 45
85 99 41
86 1 80
86 2 67
86 3 68
86 4 54
86 5 63
86 6 58
86 7 78
86 8 49
86 9 74
86 10 42
86 11 67
86 12 41
86 13 47
86 14 47
86 15 77
86 16 74
86 17 40
86 18 48
86 19 40
86 20 54
86 21 57
86 22 66
86 23 55
86 24 60
86 25 58
86 26 68
86 27 76
86 28 46
86 29 75
86 30 53
86 31 63
86 32 77
86 33 65
86 34 79
86 35 66
86 36 74
86 37 58
86 38 48
86 39 50
86 40 63
86 41 51
86 42 61
86 43 53
86 44 47
86 45 50
86 46 76
86 47 59
86 48 68
86 49 53
86 50 45
86 51 78
86 52 71
86 53 58
86 54 55
86 55 69
86 56 50
86 57 64
86 58 50
86 59 53
86 60 80
86 61 41
86 62 56
86 63 48
86 64 70
86 65 65
86 66 58
86 67 72
86 68 76
86 69 54
86 70 48
86 71 63
86 72 79
86 73 46
86 74 67
86 75 47
86 76 52
86 77 65
86 78 70
86 79 56
86 80 63
86 81 64
86 82 47
86 83 77
86 84 67
86 85 74
86 87 49
86 88 52
86 89 72
86 90 48
86 91 66
86 92 60
86 93 75
86 94 70
86 95 57
86 96 74
86 97 67
86 98 59
86 99 45
87 1 80
87 2 77
87 3 70
87 4 44
87 5 62
87 6 72
87 7 66
87 8 60
87 9 62
87 10 43
87 11 46
87 12 47
87 13 64
87 14 58
87 15 73
87 16 65
87 17 52
87 18 77
87 19 72
87 20 58
87 21 79
87 22 57
87 23 55
87 24 65
87 25 62
87 26 60
87 27 46
87 28 44
87 29 72
87 30 70
87 31 67
87 32 76
87 33 61
87 34 61
87 35 73
87 36 58
87 37 60
87 38 76
87 39 66
87 40 66
87 41 54
87 42 55
87 43 63
87 44 62
87 45 80
87 46 80
87 47 40
87 48 80
87 49 60
87 50 70
87 51 70
87 52 49
87 53 76
87 54 46
87 55 72
87 56 78
87 57 60
87 58 52
87 59 40
87 60 41
87 61 63
87 62 66
87 63 46
87 64 73
87 65 52
87 66 53
87 67 70
87 68 50
87 69 54
87 70 58
87 71 44
87 72 50
87 73 64
87 74 71
87 75 69
87 76 43
87 77 76
87 78 45
87 79 79
87 80 58
87 81 68
87 82 77
87 83 65
87 84 63
87 85 50
87 86 49
87 88 69
87 89 71
87 90 69
87 91 68
87 92 63
87 93 60
87 94 71
87 95 41
87 96 77
87 97 41
87 98 80
87 99 56
88 1 65
88 2 69
88 3 51
88 4 49
88 5 62
88 6 42
88 7 71
88 8 60
88 9 41
88 10 71
88 11 42
88 12 48
88 13 71
88 14 59
88 15 79
88 16 62
88 17 60
88 18 49
88 19 65
88 20 57
88 21 76
88 22 40
88 23 66
88 24 42
88 25 70
88 26 53
88 27 77
88 28 77
88 29 47
88 30 63
88 31 76
88 32 80
88 33 54
88 34 71
88 35 59
88 36 70
88 37 59
88 38 50
88 39 68
88 40 41
88 41 52
88 42 58
88 43 41
88 44 71
88 45 48
88 46 65
88 47 58
88 48 69
88 49 40
88 50 43
88 51 72
88 52 45
88 53 51
88 54 47
88 55 61
88 56 54
88 57 52
88 58 66
88 59 55
88 60 63
88 61 58
88 62 41
88 63 64
88 64 48
88 65 77
88 66 68
88 67 69
88 68 59
88 69 76
88 70 66
88 71 67
88 72 57
88 73 57
88 74 61
88 75 59
88 76 57
88 77 73
88 78 47
88 79 43
88 80 77
88 81 58
88 82 43
88 83 40
88 84 74
88 85 48
88 86 52
88 87 69
88 89 56
88 90 78
88 91 57
88 92 54
88 93 46
88 94 41
88 95 62
88 96 47
88 97 44
88 98 49
88 99 53
89 1 76
89 2 41
89 3 72
89 4 47
89 5 78
89 6 63
89 7 69
89 8 55
89 9 43
89 10 69
89 11 54
89 12 50
89 13 53
89 14 41
89 15 52
89 16 63
89 17 46
89 18 70
89 19 52
89 20 40
89 21 68
89 22 73
89 23 44
89 24 56
89 25 45
89 26 57
89 27 56
89 28 58
89 29 70
89 30 56
89 31 64
89 32 73
89 33 42
89 34 79
89 35 54
89 36 49
89 37 64
89 38 46
89 39 79
89 40 56
89 41 58
89 42 80
89 43 60
89 44 57
89 45 62
89 46 77
89 47 67
89 48 64
89 49 66
89 50 71
89 51 80
89 52 69
89 53 55
89 54 74
89 55 77
89 56 53
89 57 54
89 58 54
89 59 74
89 60 59
89 61 73
89 62 44
89 63 54
89 64 65
89 65 54
89 66 63
89 67 43
89 68 65
89 69 60
89 70 66
89 71 41
89 72 65
89 73 41
89 74 51
89 75 77
89 76 51
89 77 79
89 78 61
89 79 56
89 80 79
89 81 42
89 82 79
89 83 55
89 84 52
89 85 56
89 86 72
89 87 71
89 88 56
89 90 73
89 91 63
89 92 58
89 93 40
89 94 53
89 95 40
89 96 57
89 97 73
89 98 77
89 99 49
90 1 53
90 2 60
90 3 67
90 4 57
90 5 58
90 6 46
90 7 56
90 8 68
90 9 60
90 10 74
90 11 44
90 12 47
90 13 79
90 14 50
90 15 61
90 16 43
90 17 51
90 18 48
90 19 62
90 20 52
90 21 62
90 22 71
90 23 75
90 24 60
90 25 43
90 26 42
90 27 67
90 28 48
90 29 49
90 30 65
90 31 65
90 32 71
90 33 74
90 34 48
90 35 64
90 36 54
90 37 70
90 38 52
90 39 80
90 40 49
90 41 72
90 42 79
90 43 49
90 44 61
90 45 64
90 46 69
90 47 43
90 48 60
90 49 59
90 50 79
90 51 51
90 52 74
90 53 51
90 54 77
90 55 49
90 56 70
90 57 40
90 58 64
90 59 74
90 60 73
90 61 44
90 62 74
90 63 64
90 64 80
90 65 59
90 66 69
90 67 43
90 68 71
90 69 73
90 70 73
90 71 54
90 72 71
90 73 74
90 74 43
90 75 51
90 76 60
90 77 40
90 78 75
90 79 56
90 80 52
90 81 49
90 82 47
90 83 78
90 84 46
90 85 44
90 86 48
90 87 69
90 88 78
90 89 73
90 91 75
90 92 51
90 93 73
90 94 58
90 95 61
90 96 45
90 97 72
90 98 74
90 99 41
91 1 76
91 2 41
91 3 52
91 4 74
91 5 57
91 6 42
91 7 75
91 8 67
91 9 65
91 10 51
91 11 57
91 12 77
91 13 40
91 14 52
91 15 77
91 16 65
91 17 50
91 18 76
91 19 79
91 20 75
91 21 68
91 22 69
91 23 45
91 24 69
91 25 58
91 26 54
91 27 67
91 28 63
91 29 40
91 30 55
91 31 57
91 32 65
91 33 56
91 34 77
91 35 56
91 36 80
91 37 65
91 38 54
91 39 75
91 40 78
91 41 60
91 42 57
91 43 65
91 44 40
91 45 55
91 46 74
91 47 68
91 48 79
91 49 56
91 50 67
91 51 76
91 52 44
91 53 44
91 54 52
91 55 52
91 56 49
91 57 69
91 58 71
91 59 80
91 60 68
91 61 54
91 62 41
91 63 64
91 64 41
91 65 41
91 66 61
91 67 57
91 68 75
91 69 46
91 70 54
91 71 57
91 72 69
91 73 80
91 74 80
91 75 44
91 76 68
91 77 59
91 78 44
91 79 65
91 80 60
91 81 68
91 82 79
91 83 60
91 84 52
91 85 60
91 86 66
91 87 68
91 88 57
91 89 63
91 90 75
91 92 52
91 93 48
91 94 45
91 95 67
91 96 70
91 97 44
91 98 66
91 99 70
92 1 76
92 2 65
92 3 44
92 4 74
92 5 73
92 6 58
92 7 71
92 8 59
92 9 73
92 10 69
92 11 68
92 12 53
92 13 70
92 14 61
92 15 67
92 16 56
92 17 43
92 18 64
92 19 67
92 20 70
92 21 44
92 22 70
92 23 57
92 24 56
92 25 44
92 26 63
92 27 55
92 28 63
92 29 64
92 30 66
92 31 71
92 32 54
92 33 57
92 34 51
92 35 41
92 36 58
92 37 41
92 38 65
92 39 41
92 40 74
92 41 63
92 42 66
92 43 59
92 44 63
92 45 80
92 46 62
92 47 78
92 48 50
92 49 76
92 50 40
92 51 75
92 52 59
92 53 78
92 54 69
92 55 63
92 56 41
92 57 71
92 58 75
92 59 61
92 60 80
92 61 55
92 62 51
92 63 74
92 64 54
92 65 66
92 66 46
92 67 54
92 68 43
92 69 76
92 70 80
92 71 73
92 72 53
92 73 40
92 74 47
92 75 45
92 76 64
92 77 73
92 78 45
92 79 40
92 80 49
92 81 49
92 82 42
92 83 80
92 84 58
92 85 63
92 86 60
92 87 63
92 88 54
92 89 58
92 90 51
92 91 52
92 93 62
92 94 47
92 95 77
92 96 47
92 97 48
92 98 59
92 99 52
93 1 64
93 2 52
93 3 42
93 4 40
93 5 71
93 6 65
93 7 44
93 8 43
93 9 43
93 10 58
93 11 48
93 12 40
93 13 57
93 14 64
93 15 42
93 16 65
93 17 71
93 18 60
93 19 77
93 20 77
93 21 47
93 22 69
93 23 78
93 24 56
93 25 61
93 26 58
93 27 69
93 28 46
93 29 79
93 30 51
93 31 48
93 32 40
93 33 66
93 34 46
93 35 73
93 36 65
93 37 72
93 38 53
93 39 51
93 40 72
93 41 74
93 42 78
93 43 58
93 44 55
93 45 55
93 46 63
93 47 48
93 48 75
93 49 68
93 50 76
93 51 58
93 52 52
93 53 70
93 54 75
93 55 68
93 56 42
93 57 49
93 58 75
93 59 77
93 60 55
93 61 54
93 62 42
93 63 68
93 64 40
93 65 57
93 66 71
93 67 47
93 68 42
93 69 51
93 70 52
93 71 61
93 72 77
93 73 41
93 74 60
93 75 40
93 76 55
93 77 48
93 78 78
93 79 72
93 80 72
93 81 67
93 82 47
93 83 70
93 84 52
93 85 43
93 86 75
93 87 60
93 88 46
93 89 40
93 90 73
93 91 48
93 92 62
93 94 77
93 95 72
93 96 71
93 97 44
93 98 60
93 99 70
94 1 79
94 2 75
94 3 70
94 4 46
94 5 51
94 6 57
94 7 73
94 8 69
94 9 75
94 10 52
94 11 57
94 12 78
94 13 48
94 14 77
94 15 69
94 16 63
94 17 66
94 18 56
94 19 59
94 20 74
94 21 40
94 22 52
94 23 70
94 24 45
94 25 54
94 26 46
94 27 56
94 28 52
94 29 40
94 30 57
94 31 67
94 32 49
94 33 75
94 34 74
94 35 51
94 36 50
94 37 71
94 38 53
94 39 61
94 40 52
94 41 56
94 42 40
94 43 80
94 44 40
94 45 50
94 46 40
94 47 61
94 48 65
94 49 53
94 50 50
94 51 40
94 52 56
94 53 42
94 54 75
94 55 59
94 56 61
94 57 53
94 58 53
94 59 41
94 60 73
94 61 73
94 62 72
94 63 58
94 64 53
94 65 47
94 66 44
94 67 66
94 68 58
94 69 58
94 70 57
94 71 72
94 72 64
94 73 50
94 74 52
94 75 63
94 76 79
94 77 51
94 78 80
94 79 75
94 80 48
94 81 61
94 82 69
94 83 58
94 84 57
94 85 51
94 86 70
94 87 71
94 88 41
94 89 53
94 90 58
94 91 45
94 92 47
94 93 77
94 95 51
94 96 56
94 97 40
94 98 47
94 99 72
95 1 53
95 2 58
95 3 46
95 4 62
95 5 46
95 6 63
95 7 47
95 8 50
95 9 63
95 10 80
95 11 53
95 12 62
95 13 66
95 14 66
95 15 71
95 16 63
95 17 59
95 18 77
95 19 67
95 20 72
95 21 43
95 22 64
95 23 45
95 24 71
95 25 46
95 26 71
95 27 73
95 28 63
95 29 44
95 30 75
95 31 79
95 32 42
95 33 74
95 34 60
95 35 65
95 36 57
95 37 48
95 38 78
95 39 43
95 40 60
95 41 56
95 42 74
95 43 79
95 44 55
95 45 47
95 46 47
95 47 47
95 48 72
95 49 73
95 50 70
95 51 73
95 52 69
95 53 40
95 54 41
95 55 45
95 56 42
95 57 73
95 58 45
95 59 68
95 60 49
95 61 42
95 62 64
95 63 69
95 64 71
95 65 80
95 66 46
95 67 73
95 68 45
95 69 40
95 70 43
95 71 49
95 72 67
95 73 52
95 74 70
95 75 80
95 76 49
95 77 78
95 78 55
95 79 53
95 80 78
95 81 76
95 82 73
95 83 73
95 84 47
95 85 55
95 86 57
95 87 41
95 88 62
95 89 40
95 90 61
95 91 67
95 92 77
95 93 72
95 94 51
95 96 77
95 97 50
95 98 53
95 99 62
96 1 40
96 2 51
96 3 79
96 4 52
96 5 66
96 6 47
96 7 75
96 8 77
96 9 46
96 10 68
96 11 68
96 12 71
96 13 40
96 14 53
96 15 46
96 16 41
96 17 76
96 18 68
96 19 46
96 20 53
96 21 57
96 22 76
96 23 53
96 24 41
96 25 50
96 26 63
96 27 65
96 28 52
96 29 62
96 30 41
96 31 43
96 32 60
96 33 63
96 34 71
96 35 76
96 36 61
96 37 75
96 38 60
96 39 79
96 40 67
96 41 61
96 42 65
96 43 63
96 44 73
96 45 72
96 46 72
96 47 69
96 48 67
96 49 43
96 50 49
96 51 74
96 52 73
96 53 50
96 54 58
96 55 74
96 56 57
96 57 58
96 58 65
96 59 73
96 60 75
96 61 42
96 62 49
96 63 66
96 64 48
96 65 75
96 66 57
96 67 77
96 68 60
96 69 80
96 70 78
96 71 41
96 72 43
96 73 66
96 74 51
96 75 77
96 76 72
96 77 61
96 78 57
96 79 79
96 80 43
96 81 72
96 82 56
96 83 66
96 84 69
96 85 64
96 86 74
96 87 77
96 88 47
96 89 57
96 90 45
96 91 70
96 92 47
96 93 71
96 94 56
96 95 77
96 97 42
96 98 69
96 99 60
97 1 76
97 2 66
97 3 62
97 4 70
97 5 75
97 6 54
97 7 59
97 8 43
97 9 62
97 10 58
97 11 61
97 12 48
97 13 80
97 14 48
97 15 58
97 16 68
97 17 61
97 18 50
97 19 66
97 20 41
97 21 46
97 22 52
97 23 46
97 24 67
97 25 77
97 26 63
97 27 52
97 28 63
97 29 46
97 30 50
97 31 72
97 32 45
97 33 69
97 34 51
97 35 77
97 36 44
97 37 40
97 38 61
97 39 76
97 40 66
97 41 69
97 42 69
97 43 66
97 44 77
97 45 40
97 46 69
97 47 69
97 48 73
97 49 48
97 50 57
97 51 69
97 52 53
97 53 54
97 54 80
97 55 72
97 56 42
97 57 40
97 58 59
97 59 79
97 60 60
97 61 61
97 62 69
97 63 60
97 64 43
97 65 41
97 66 64
97 67 42
97 68 58
97 69 62
97 70 59
97 71 75
97 72 63
97 73 50
97 74 50
97 75 40
97 76 60
97 77 61
97 78 45
97 79 43
97 80 52
97 81 43
97 82 44
97 83 64
97 84 80
97 85 79
97 86 67
97 87 41
97 88 44
97 89 73
97 90 72
97 91 44
97 92 48
97 93 44
97 94 40
97 95 50
97 96 42
97 98 50
97 99 69
98 1 59
98 2 45
98 3 50
98 4 66
98 5 70
98 6 45
98 7 61
98 8 55
98 9 62
98 10 44
98 11 49
98 12 40
98 13 43
98 14 60
98 15 56
98 16 67
98 17 41
98 18 75
98 19 42
98 20 51
98 21 56
98 22 46
98 23 50
98 24 79
98 25 47
98 26 57
98 27 56
98 28 77
98 29 53
98 30 78
98 31 63
98 32 41
98 33 60
98 34 44
98 35 54
98 36 64
98 37 68
98 38 60
98 39 53
98 40 60
98 41 55
98 42 79
98 43 79
98 44 56
98 45 77
98 46 76
98 47 51
98 48 48
98 49 52
98 50 75
98 51 68
98 52 44
98 53 55
98 54 58
98 55 76
98 56 68
98 57 41
98 58 48
98 59 71
98 60 71
98 61 50
98 62 78
98 63 78
98 64 49
98 65 59
98 66 48
98 67 44
98 68 76
98 69 54
98 70 75
98 71 62
98 72 69
98 73 51
98 74 61
98 75 54
98 76 78
98 77 79
98 78 56
98 79 79
98 80 68
98 81 57
98 82 52
98 83 70
98 84 70
98 85 45
98 86 59
98 87 80
98 88 49
98 89 77
98 90 74
98 91 66
98 92 59
98 93 60
98 94 47
98 95 53
98 96 69
98 97 50
98 99 65
1 t 61
2 t 80
3 t 64
4 t 47
5 t 79
6 t 58
7 t 78
8 t 50
9 t 63
10 t 68
11 t 66
12 t 64
13 t 80
14 t 54
15 t 80
16 t 63
17 t 74
18 t 79
19 t 53
20 t 66
21 t 74
22 t 71
23 t 49
24 t 62
25 t 53
26 t 43
27 t 80
28 t 60
29 t 70
30 t 80
31 t 63
32 t 79
33 t 41
34 t 60
35 t 71
36 t 65
37 t 75
38 t 49
39 t 47
40 t 65
41 t 71
42 t 71
43 t 68
44 t 68
45 t 77
46 t 41
47 t 80
48 t 49
49 t 76
50 t 64
51 t 57
52 t 59
53 t 43
54 t 77
55 t 51
56 t 59
57 t 61
58 t 61
59 t 78
60 t 65
61 t 54
62 t 43
63 t 77
64 t 68
65 t 57
66 t 64
67 t 57
68 t 64
69 t 46
70 t 53
71 t 61
72 t 40
73 t 78
74 t 80
75 t 67
76 t 49
77 t 55
78 t 74
79 t 54
80 t 64
81 t 70
82 t 51
83 t 70
84 t 63
85 t 41
86 t 45
87 t 56
88 t 53
89 t 49
90 t 41
91 t 70
92 t 52
93 t 70
94 t 72
95 t 62
96 t 60
97 t 69
98 t 65
