s 3 138
s 10 137
s 11 137
s 12 129
s 17 139
s 18 124
s 19 130
s 20 153
s 21 158
s 22 159
s 26 145
s 27 151
s 28 127
s 30 153
s 31 140
s 32 144
s 33 145
s 34 155
s 35 120
s 36 157
s 37 160
s 38 142
s 40 142
s 42 150
s 43 159
s 44 136
s 46 126
s 49 146
s 53 157
s 54 142
s 55 137
s 57 125
s 60 121
s 61 147
s 63 137
s 64 125
s 65 122
s 67 143
s 73 120
s 74 152
s 77 157
s 80 144
s 81 137
s 82 151
s 83 127
s 85 155
s 88 145
s 89 155
s 90 139
s 94 120
s 95 121
s 98 135
s 99 147
1 4 141
1 9 146
1 10 153
1 11 121
1 12 146
1 13 142
1 14 135
1 17 129
1 20 122
1 22 129
1 24 157
1 25 126
1 26 148
1 27 150
1 28 152
1 29 122
1 32 157
1 33 138
1 36 149
1 37 157
1 39 130
1 41 132
1 45 139
1 46 144
1 49 136
1 50 136
1 53 127
1 57 120
1 59 142
1 60 142
1 61 128
1 62 124
1 64 120
1 66 154
1 68 122
1 69 134
1 70 145
1 72 131
1 76 128
1 77 147
1 78 146
1 79 153
1 80 139
1 81 120
1 82 136
1 83 132
1 85 138
1 87 150
1 90 146
1 94 130
1 95 136
1 97 129
1 98 158
2 8 153
2 11 120
2 14 141
2 22 144
2 23 130
2 26 144
2 27 157
2 28 131
2 30 152
2 32 137
2 36 147
2 39 152
2 40 151
2 41 131
2 43 143
2 44 127
2 45 126
2 46 127
2 48 147
2 51 130
2 57 130
2 58 143
2 62 158
2 64 137
2 66 142
2 67 133
2 69 124
2 71 142
2 72 146
2 73 142
2 74 145
2 75 139
2 79 131
2 81 144
2 82 127
2 83 125
2 84 150
2 85 126
2 91 143
2 92 136
2 93 145
2 94 156
2 97 142
2 98 142
3 4 154
3 6 149
3 18 125
3 19 155
3 22 154
3 23 150
3 26 160
3 27 128
3 28 158
3 30 134
3 31 133
3 32 156
3 34 134
3 35 153
3 41 145
3 44 160
3 47 128
3 48 135
3 49 144
3 54 141
3 55 128
3 58 145
3 59 138
3 62 130
3 66 128
3 67 122
3 68 130
3 69 158
3 71 150
3 74 135
3 75 152
3 76 142
3 77 153
3 80 144
3 81 123
3 84 121
3 85 146
3 87 156
3 89 137
3 91 160
3 93 137
3 97 130
3 98 142
4 1 141
4 3 154
4 6 133
4 9 137
4 11 150
4 14 147
4 15 140
4 16 159
4 18 136
4 20 147
4 24 159
4 25 135
4 28 156
4 29 127
4 30 150
4 32 148
4 33 125
4 34 141
4 36 126
4 37 124
4 38 149
4 39 145
4 41 138
4 42 145
4 44 129
4 47 143
4 48 147
4 49 154
4 52 151
4 56 127
4 57 134
4 58 132
4 61 131
4 62 142
4 63 120
4 64 120
4 68 121
4 71 150
4 72 142
4 75 139
4 76 154
4 77 158
4 78 123
4 79 151
4 80 154
4 82 159
4 85 132
4 86 143
4 87 156
4 88 160
4 89 154
4 90 159
4 91 122
4 93 124
4 95 154
4 96 151
4 97 159
4 98 129
5 7 144
5 9 155
5 10 146
5 12 131
5 17 121
5 18 142
5 19 139
5 20 130
5 21 121
5 23 135
5 24 139
5 28 152
5 31 134
5 32 127
5 33 151
5 34 121
5 38 155
5 39 133
5 40 125
5 41 153
5 42 154
5 49 128
5 50 156
5 51 138
5 55 122
5 58 138
5 59 123
5 60 146
5 62 139
5 63 128
5 65 127
5 66 136
5 70 147
5 71 158
5 76 132
5 78 137
5 84 144
5 85 144
5 86 141
5 91 141
5 95 156
5 97 123
5 99 127
6 3 149
6 4 133
6 9 156
6 14 126
6 15 155
6 16 125
6 20 135
6 23 134
6 24 149
6 28 123
6 30 120
6 31 159
6 36 131
6 38 152
6 39 125
6 41 158
6 44 126
6 48 136
6 49 135
6 51 136
6 53 128
6 57 138
6 60 148
6 62 123
6 64 121
6 68 138
6 69 127
6 71 129
6 72 160
6 73 152
6 74 131
6 81 134
6 86 131
6 90 137
6 94 155
6 96 124
7 5 144
7 8 142
7 10 150
7 12 143
7 14 138
7 17 120
7 19 127
7 20 154
7 26 123
7 27 153
7 28 124
7 35 142
7 37 125
7 40 156
7 41 128
7 42 152
7 43 154
7 44 150
7 46 127
7 49 136
7 50 146
7 53 138
7 54 124
7 55 120
7 56 126
7 57 143
7 58 131
7 59 148
7 63 143
7 68 143
7 69 140
7 70 158
7 72 160
7 80 121
7 82 127
7 83 159
7 84 140
7 86 131
7 88 130
7 89 153
7 91 130
7 93 145
7 96 122
7 98 139
8 2 153
8 7 142
8 9 137
8 12 124
8 13 154
8 15 142
8 16 134
8 23 120
8 25 152
8 26 133
8 27 122
8 28 146
8 32 131
8 35 133
8 37 132
8 38 150
8 39 127
8 40 149
8 42 155
8 43 152
8 45 151
8 46 122
8 47 127
8 48 157
8 49 129
8 50 123
8 52 158
8 54 142
8 56 159
8 58 154
8 59 149
8 62 139
8 64 141
8 68 141
8 72 128
8 74 123
8 75 156
8 76 148
8 77 160
8 82 155
8 85 124
8 86 124
8 88 125
8 91 147
8 93 158
8 94 145
8 98 120
8 99 157
9 1 146
9 4 137
9 5 155
9 6 156
9 8 137
9 10 139
9 17 144
9 19 152
9 22 146
9 23 133
9 26 156
9 27 157
9 31 158
9 32 124
9 35 121
9 37 153
9 38 123
9 39 145
9 40 129
9 42 152
9 43 140
9 45 143
9 50 129
9 51 127
9 53 157
9 54 131
9 55 135
9 56 159
9 58 156
9 61 129
9 64 128
9 65 158
9 66 122
9 74 121
9 75 132
9 81 123
9 82 146
9 83 132
9 84 151
9 89 143
9 90 125
9 91 152
9 93 148
9 97 151
9 98 133
9 99 132
10 1 153
10 5 146
10 7 150
10 9 139
10 11 126
10 14 138
10 19 126
10 21 124
10 22 130
10 23 160
10 24 141
10 25 123
10 29 149
10 31 138
10 32 125
10 33 144
10 34 160
10 36 143
10 37 152
10 38 124
10 39 121
10 49 130
10 50 138
10 51 148
10 52 122
10 53 126
10 57 149
10 58 154
10 60 134
10 61 146
10 66 153
10 67 127
10 68 128
10 71 134
10 72 123
10 74 152
10 76 138
10 78 126
10 79 125
10 88 142
10 90 129
10 91 135
10 93 139
10 94 136
10 97 134
11 1 121
11 2 120
11 4 150
11 10 126
11 12 132
11 13 131
11 16 152
11 18 140
11 19 151
11 20 135
11 22 141
11 24 156
11 25 160
11 28 157
11 30 128
11 31 121
11 32 148
11 33 149
11 34 133
11 35 125
11 36 138
11 37 160
11 38 154
11 42 128
11 43 121
11 44 145
11 45 131
11 46 127
11 47 146
11 49 138
11 50 137
11 51 130
11 53 142
11 55 121
11 56 124
11 58 155
11 60 145
11 61 137
11 64 143
11 65 139
11 66 142
11 69 142
11 72 129
11 73 145
11 74 121
11 76 158
11 79 138
11 81 124
11 83 146
11 84 130
11 91 146
11 92 151
11 95 158
11 97 121
11 99 127
12 1 146
12 5 131
12 7 143
12 8 124
12 11 132
12 14 133
12 17 133
12 18 124
12 19 146
12 20 153
12 21 158
12 22 132
12 23 148
12 30 157
12 31 125
12 32 158
12 34 149
12 39 129
12 50 139
12 51 135
12 52 159
12 53 121
12 55 136
12 56 140
12 57 131
12 60 151
12 61 123
12 62 160
12 63 131
12 64 123
12 65 127
12 66 145
12 70 160
12 71 138
12 73 146
12 74 151
12 78 137
12 81 127
12 82 158
12 86 149
12 87 141
12 89 144
12 91 159
12 92 149
12 93 152
12 96 122
12 97 139
12 98 144
12 99 121
13 1 142
13 8 154
13 11 131
13 16 120
13 17 140
13 20 141
13 21 138
13 24 145
13 26 129
13 27 149
13 29 125
13 30 139
13 32 121
13 33 152
13 36 149
13 39 136
13 41 156
13 42 129
13 43 145
13 46 126
13 47 125
13 48 131
13 49 122
13 54 133
13 56 129
13 57 137
13 58 120
13 59 128
13 60 128
13 61 139
13 62 140
13 64 141
13 65 134
13 68 121
13 70 130
13 71 130
13 72 159
13 73 136
13 75 140
13 78 145
13 79 140
13 81 125
13 83 138
13 84 150
13 85 133
13 86 156
13 87 143
13 88 155
13 90 127
13 91 134
13 94 143
13 96 160
13 97 138
13 98 123
14 1 135
14 2 141
14 4 147
14 6 126
14 7 138
14 10 138
14 12 133
14 15 120
14 16 126
14 19 152
14 21 125
14 22 155
14 23 151
14 24 145
14 25 124
14 26 134
14 28 136
14 29 140
14 30 131
14 31 145
14 33 159
14 34 132
14 35 147
14 36 136
14 38 130
14 39 150
14 41 145
14 43 123
14 45 144
14 46 136
14 47 124
14 49 140
14 53 122
14 54 124
14 58 144
14 59 130
14 62 142
14 64 122
14 66 120
14 67 159
14 68 136
14 69 150
14 71 143
14 74 143
14 75 131
14 76 131
14 77 139
14 79 121
14 82 136
14 83 134
14 84 136
14 85 120
14 86 160
14 88 140
14 89 138
14 90 152
14 92 120
14 94 143
14 95 159
14 96 158
14 97 131
15 4 140
15 6 155
15 8 142
15 14 120
15 16 157
15 17 122
15 23 127
15 25 128
15 28 128
15 30 155
15 32 147
15 33 123
15 34 159
15 38 127
15 40 125
15 43 122
15 45 148
15 46 142
15 48 147
15 50 158
15 52 151
15 55 120
15 56 122
15 57 156
15 61 156
15 63 134
15 64 155
15 68 138
15 70 148
15 71 128
15 72 129
15 73 148
15 74 133
15 75 132
15 77 126
15 83 154
15 84 140
15 85 155
15 87 158
15 88 159
15 90 154
15 94 142
15 96 149
16 4 159
16 6 125
16 8 134
16 11 152
16 13 120
16 14 126
16 15 157
16 17 153
16 18 138
16 19 131
16 20 135
16 21 122
16 22 132
16 23 150
16 24 147
16 25 124
16 28 141
16 29 140
16 33 140
16 34 131
16 35 147
16 36 149
16 38 128
16 39 157
16 41 129
16 42 123
16 44 126
16 47 122
16 48 139
16 50 122
16 52 148
16 53 156
16 54 132
16 60 127
16 65 151
16 68 149
16 70 135
16 72 123
16 73 125
16 74 151
16 76 151
16 78 144
16 89 148
16 91 146
16 93 160
16 94 155
16 95 142
16 96 154
16 99 142
17 1 129
17 5 121
17 7 120
17 9 144
17 12 133
17 13 140
17 15 122
17 16 153
17 19 131
17 21 156
17 23 160
17 26 152
17 29 129
17 35 144
17 38 138
17 39 148
17 42 156
17 44 156
17 45 129
17 46 131
17 48 141
17 49 127
17 50 129
17 54 157
17 55 121
17 56 142
17 58 150
17 59 151
17 62 135
17 64 123
17 66 123
17 67 141
17 68 150
17 69 138
17 70 144
17 71 135
17 72 156
17 74 123
17 76 152
17 77 123
17 78 121
17 81 132
17 82 132
17 84 136
17 85 152
17 87 155
17 88 150
17 89 130
17 91 147
17 92 137
17 95 140
17 97 144
17 99 140
18 3 125
18 4 136
18 5 142
18 11 140
18 12 124
18 16 138
18 21 148
18 26 122
18 29 126
18 35 134
18 36 142
18 37 147
18 38 127
18 40 120
18 42 151
18 44 132
18 47 154
18 48 120
18 50 124
18 51 143
18 52 134
18 54 160
18 58 159
18 60 123
18 61 125
18 62 127
18 63 129
18 64 160
18 73 120
18 74 133
18 75 158
18 76 141
18 77 151
18 79 120
18 82 134
18 84 152
18 85 124
18 88 148
18 89 151
18 92 138
18 93 139
18 96 127
18 98 135
19 3 155
19 5 139
19 7 127
19 9 152
19 10 126
19 11 151
19 12 146
19 14 152
19 16 131
19 17 131
19 21 143
19 24 130
19 26 124
19 27 123
19 31 131
19 35 124
19 38 156
19 39 149
19 41 157
19 42 127
19 43 145
19 44 147
19 46 132
19 48 142
19 49 139
19 50 123
19 51 138
19 54 159
19 57 144
19 59 160
19 61 152
19 62 124
19 67 159
19 70 124
19 74 160
19 75 144
19 76 123
19 81 131
19 82 126
19 83 151
19 87 131
19 90 149
19 91 150
19 93 126
19 96 146
19 97 160
19 98 154
20 1 122
20 4 147
20 5 130
20 6 135
20 7 154
20 11 135
20 12 153
20 13 141
20 16 135
20 24 143
20 25 143
20 28 159
20 29 146
20 30 130
20 31 154
20 33 130
20 34 140
20 36 123
20 38 127
20 39 140
20 41 150
20 45 121
20 51 148
20 54 122
20 55 139
20 58 149
20 59 126
20 63 139
20 64 148
20 65 120
20 66 145
20 67 130
20 68 149
20 70 121
20 73 128
20 75 124
20 76 142
20 77 122
20 78 149
20 80 127
20 83 141
20 86 156
20 89 142
20 90 151
20 91 120
20 93 131
20 97 143
20 99 122
21 5 121
21 10 124
21 12 158
21 13 138
21 14 125
21 16 122
21 17 156
21 18 148
21 19 143
21 23 140
21 24 129
21 25 156
21 26 136
21 27 143
21 28 160
21 30 140
21 31 140
21 35 133
21 36 154
21 37 132
21 39 149
21 41 156
21 42 154
21 44 132
21 45 140
21 50 136
21 53 149
21 56 135
21 57 159
21 58 136
21 64 137
21 66 135
21 67 134
21 75 159
21 76 136
21 78 147
21 79 127
21 80 124
21 87 135
21 89 121
21 90 155
21 91 130
21 92 124
21 93 143
21 94 150
21 97 144
21 98 147
21 99 141
22 1 129
22 2 144
22 3 154
22 9 146
22 10 130
22 11 141
22 12 132
22 14 155
22 16 132
22 24 133
22 27 143
22 28 144
22 32 120
22 34 133
22 35 140
22 37 127
22 40 134
22 41 160
22 42 150
22 46 155
22 48 156
22 49 148
22 50 144
22 52 156
22 53 141
22 54 135
22 55 129
22 58 149
22 59 151
22 62 125
22 63 123
22 65 160
22 67 126
22 68 159
22 69 156
22 70 139
22 71 128
22 74 155
22 75 135
22 76 142
22 77 125
22 79 146
22 81 127
22 84 154
22 85 145
22 87 125
22 89 148
22 91 126
22 93 135
22 96 151
23 2 130
23 3 150
23 5 135
23 6 134
23 8 120
23 9 133
23 10 160
23 12 148
23 14 151
23 15 127
23 16 150
23 17 160
23 21 140
23 24 131
23 26 137
23 27 127
23 28 160
23 29 143
23 34 157
23 36 149
23 37 148
23 39 129
23 40 152
23 41 137
23 44 136
23 49 133
23 50 126
23 52 141
23 58 133
23 59 121
23 65 137
23 70 124
23 71 135
23 77 120
23 78 127
23 80 120
23 81 127
23 86 160
23 87 130
23 89 124
23 91 121
23 93 131
23 96 155
23 97 139
23 99 141
24 1 157
24 4 159
24 5 139
24 6 149
24 10 141
24 11 156
24 13 145
24 14 145
24 16 147
24 19 130
24 20 143
24 21 129
24 22 133
24 23 131
24 28 131
24 29 136
24 37 129
24 45 133
24 50 147
24 51 120
24 52 128
24 58 145
24 59 129
24 61 124
24 62 154
24 64 149
24 67 142
24 70 150
24 71 123
24 72 133
24 75 125
24 76 136
24 78 157
24 79 130
24 80 136
24 81 143
24 83 127
24 87 160
24 90 130
24 91 136
24 92 156
24 93 146
24 94 146
24 97 158
24 98 154
24 99 134
25 1 126
25 4 135
25 8 152
25 10 123
25 11 160
25 14 124
25 15 128
25 16 124
25 20 143
25 21 156
25 27 123
25 28 128
25 31 140
25 32 137
25 34 132
25 35 156
25 36 131
25 37 141
25 39 136
25 41 138
25 43 155
25 46 160
25 47 146
25 48 156
25 49 129
25 51 124
25 52 121
25 54 155
25 55 123
25 57 131
25 58 139
25 59 147
25 62 140
25 64 152
25 68 140
25 70 152
25 71 143
25 72 146
25 73 142
25 75 120
25 76 154
25 80 151
25 81 134
25 83 123
25 84 141
25 85 125
25 86 146
25 87 145
25 91 159
25 93 141
25 94 125
25 95 151
25 96 136
25 97 152
25 98 131
26 1 148
26 2 144
26 3 160
26 7 123
26 8 133
26 9 156
26 13 129
26 14 134
26 17 152
26 18 122
26 19 124
26 21 136
26 23 137
26 29 159
26 32 136
26 33 151
26 34 150
26 35 156
26 36 128
26 38 154
26 43 121
26 51 154
26 53 141
26 55 122
26 56 136
26 63 124
26 66 155
26 68 123
26 69 133
26 70 160
26 73 126
26 75 158
26 78 125
26 81 157
26 82 126
26 83 126
26 84 148
26 87 140
26 88 137
26 91 120
26 92 154
26 93 128
26 95 158
26 97 122
27 1 150
27 2 157
27 3 128
27 7 153
27 8 122
27 9 157
27 13 149
27 19 123
27 21 143
27 22 143
27 23 127
27 25 123
27 30 149
27 32 131
27 37 159
27 38 160
27 39 140
27 42 141
27 44 152
27 45 149
27 46 124
27 48 122
27 49 138
27 52 137
27 55 155
27 56 131
27 60 130
27 61 145
27 62 120
27 63 133
27 66 132
27 67 159
27 70 151
27 71 160
27 73 159
27 75 127
27 76 147
27 77 149
27 81 139
27 82 153
27 84 159
27 85 134
27 87 136
27 88 151
27 89 155
27 90 147
27 91 144
27 92 143
27 94 134
27 95 155
27 96 131
27 99 154
28 1 152
28 2 131
28 3 158
28 4 156
28 5 152
28 6 123
28 7 124
28 8 146
28 11 157
28 14 136
28 15 128
28 16 141
28 20 159
28 21 160
28 22 144
28 23 160
28 24 131
28 25 128
28 39 157
28 41 129
28 45 144
28 50 141
28 53 123
28 56 155
28 59 122
28 61 157
28 62 126
28 63 157
28 65 157
28 67 160
28 69 157
28 71 123
28 72 160
28 73 144
28 74 159
28 77 129
28 80 136
28 82 130
28 83 160
28 84 134
28 85 131
28 86 131
28 88 135
28 90 136
28 91 148
28 92 156
28 94 121
28 95 132
28 96 128
28 97 130
28 98 156
28 99 137
29 1 122
29 4 127
29 10 149
29 13 125
29 14 140
29 16 140
29 17 129
29 18 126
29 20 146
29 23 143
29 24 136
29 26 159
29 30 132
29 32 158
29 33 135
29 34 140
29 35 154
29 36 135
29 41 159
29 42 131
29 45 156
29 46 130
29 47 153
29 50 121
29 52 153
29 59 153
29 60 129
29 62 135
29 63 136
29 64 147
29 67 142
29 68 132
29 69 121
29 70 135
29 74 156
29 75 147
29 76 140
29 78 159
29 79 124
29 81 126
29 82 138
29 83 148
29 90 160
29 92 142
29 95 130
29 97 148
29 98 156
29 99 143
30 2 152
30 3 134
30 4 150
30 6 120
30 11 128
30 12 157
30 13 139
30 14 131
30 15 155
30 20 130
30 21 140
30 27 149
30 29 132
30 32 141
30 36 138
30 38 145
30 40 151
30 42 158
30 43 123
30 44 141
30 45 149
30 48 136
30 52 146
30 55 138
30 56 142
30 58 127
30 59 128
30 60 143
30 61 127
30 63 128
30 65 142
30 69 132
30 71 124
30 72 135
30 74 143
30 78 132
30 80 126
30 84 158
30 85 146
30 87 153
30 88 148
30 90 146
30 93 124
30 96 127
30 97 130
30 99 151
31 3 133
31 5 134
31 6 159
31 9 158
31 10 138
31 11 121
31 12 125
31 14 145
31 19 131
31 20 154
31 21 140
31 25 140
31 32 143
31 33 124
31 35 149
31 36 151
31 38 125
31 39 125
31 43 134
31 45 153
31 47 120
31 48 156
31 50 127
31 51 150
31 52 154
31 53 138
31 54 155
31 55 156
31 58 147
31 59 153
31 60 159
31 61 135
31 68 137
31 70 149
31 71 144
31 72 149
31 77 153
31 78 160
31 79 131
31 83 124
31 86 130
31 87 139
31 91 133
31 92 150
31 93 155
31 94 153
31 95 120
31 96 121
31 98 148
31 99 132
32 1 157
32 2 137
32 3 156
32 4 148
32 5 127
32 8 131
32 9 124
32 10 125
32 11 148
32 12 158
32 13 121
32 15 147
32 22 120
32 25 137
32 26 136
32 27 131
32 29 158
32 30 141
32 31 143
32 36 139
32 37 143
32 38 140
32 39 137
32 40 140
32 42 134
32 43 137
32 46 130
32 47 155
32 49 145
32 50 142
32 51 145
32 52 146
32 54 143
32 56 123
32 57 120
32 58 136
32 61 129
32 62 149
32 64 146
32 65 125
32 66 135
32 67 122
32 68 160
32 71 150
32 72 146
32 73 159
32 74 120
32 78 128
32 79 159
32 80 139
32 81 138
32 82 157
32 83 143
32 84 146
32 85 159
32 87 159
32 88 135
32 89 134
32 90 139
32 95 128
32 98 159
32 99 141
33 1 138
33 4 125
33 5 151
33 10 144
33 11 149
33 13 152
33 14 159
33 15 123
33 16 140
33 20 130
33 26 151
33 29 135
33 31 124
33 36 137
33 37 143
33 38 159
33 39 121
33 41 139
33 42 127
33 44 156
33 45 125
33 47 129
33 49 123
33 50 120
33 51 124
33 52 123
33 55 136
33 58 146
33 61 151
33 65 151
33 67 149
33 69 151
33 73 156
33 78 122
33 79 138
33 80 148
33 85 121
33 87 129
33 89 124
33 91 133
33 93 137
34 3 134
34 4 141
34 5 121
34 10 160
34 11 133
34 12 149
34 14 132
34 15 159
34 16 131
34 20 140
34 22 133
34 23 157
34 25 132
34 26 150
34 29 140
34 35 128
34 36 138
34 37 145
34 41 129
34 42 121
34 44 132
34 45 159
34 46 154
34 47 121
34 49 139
34 54 123
34 56 140
34 58 143
34 59 143
34 60 157
34 61 122
34 62 124
34 63 144
34 65 137
34 66 130
34 68 148
34 69 153
34 74 132
34 77 147
34 79 151
34 81 141
34 83 142
34 86 143
34 87 139
34 89 151
34 90 133
34 91 160
34 95 149
34 96 134
34 98 136
35 3 153
35 7 142
35 8 133
35 9 121
35 11 125
35 14 147
35 16 147
35 17 144
35 18 134
35 19 124
35 21 133
35 22 140
35 25 156
35 26 156
35 29 154
35 31 149
35 34 128
35 36 138
35 37 149
35 39 151
35 40 135
35 43 143
35 44 149
35 45 133
35 48 141
35 50 122
35 52 147
35 55 137
35 58 153
35 63 146
35 64 125
35 66 125
35 69 158
35 70 146
35 73 129
35 77 148
35 79 146
35 81 160
35 82 144
35 84 155
35 85 142
35 86 134
35 87 159
35 88 143
35 90 127
35 91 136
35 92 151
35 93 139
35 94 131
35 99 136
36 1 149
36 2 147
36 4 126
36 6 131
36 10 143
36 11 138
36 13 149
36 14 136
36 16 149
36 18 142
36 20 123
36 21 154
36 23 149
36 25 131
36 26 128
36 29 135
36 30 138
36 31 151
36 32 139
36 33 137
36 34 138
36 35 138
36 42 135
36 43 123
36 44 156
36 48 121
36 49 129
36 54 133
36 57 124
36 58 121
36 61 134
36 62 131
36 64 156
36 65 149
36 66 135
36 67 139
36 74 123
36 75 143
36 76 147
36 77 145
36 78 127
36 80 131
36 82 126
36 83 141
36 84 144
36 86 124
36 87 142
36 90 123
36 93 129
36 94 140
36 95 136
36 96 137
36 99 150
37 1 157
37 4 124
37 7 125
37 8 132
37 9 153
37 10 152
37 11 160
37 18 147
37 21 132
37 22 127
37 23 148
37 24 129
37 25 141
37 27 159
37 32 143
37 33 143
37 34 145
37 35 149
37 39 147
37 41 131
37 42 138
37 43 122
37 48 144
37 49 144
37 51 158
37 52 131
37 53 120
37 55 152
37 56 134
37 63 132
37 64 155
37 65 126
37 67 147
37 69 144
37 70 150
37 72 143
37 76 141
37 78 141
37 84 135
37 86 130
37 88 158
37 89 156
37 90 138
37 91 125
37 93 137
37 98 125
37 99 138
38 4 149
38 5 155
38 6 152
38 8 150
38 9 123
38 10 124
38 11 154
38 14 130
38 15 127
38 16 128
38 17 138
38 18 127
38 19 156
38 20 127
38 26 154
38 27 160
38 30 145
38 31 125
38 32 140
38 33 159
38 42 130
38 46 121
38 47 125
38 49 159
38 51 141
38 52 126
38 58 129
38 59 120
38 60 135
38 61 156
38 64 157
38 67 138
38 68 123
38 70 158
38 76 144
38 77 130
38 79 155
38 80 154
38 82 157
38 83 160
38 84 130
38 86 148
38 88 134
38 90 136
38 91 120
38 92 152
38 93 120
38 97 145
38 98 153
39 1 130
39 2 152
39 4 145
39 5 133
39 6 125
39 8 127
39 9 145
39 10 121
39 12 129
39 13 136
39 14 150
39 16 157
39 17 148
39 19 149
39 20 140
39 21 149
39 23 129
39 25 136
39 27 140
39 28 157
39 31 125
39 32 137
39 33 121
39 35 151
39 37 147
39 40 147
39 41 139
39 45 153
39 49 147
39 52 151
39 60 132
39 61 128
39 63 120
39 65 121
39 69 120
39 71 128
39 72 144
39 73 145
39 75 131
39 78 134
39 79 136
39 80 158
39 82 134
39 84 125
39 87 123
39 88 152
39 89 154
39 90 156
39 94 151
39 96 141
39 98 150
40 2 151
40 5 125
40 7 156
40 8 149
40 9 129
40 15 125
40 18 120
40 22 134
40 23 152
40 30 151
40 32 140
40 35 135
40 39 147
40 41 125
40 44 153
40 45 134
40 47 124
40 48 142
40 49 121
40 50 140
40 51 122
40 52 160
40 53 139
40 54 150
40 55 128
40 57 136
40 59 130
40 60 142
40 62 133
40 63 142
40 66 128
40 67 157
40 68 124
40 69 156
40 70 145
40 76 142
40 77 125
40 79 134
40 82 125
40 83 124
40 87 127
40 90 133
40 91 135
40 94 156
40 96 134
40 97 139
41 1 132
41 2 131
41 3 145
41 4 138
41 5 153
41 6 158
41 7 128
41 13 156
41 14 145
41 16 129
41 19 157
41 20 150
41 21 156
41 22 160
41 23 137
41 25 138
41 28 129
41 29 159
41 33 139
41 34 129
41 37 131
41 39 139
41 40 125
41 43 155
41 45 138
41 46 135
41 48 138
41 49 124
41 51 142
41 53 132
41 56 148
41 61 135
41 63 144
41 65 149
41 66 146
41 67 130
41 71 138
41 75 134
41 77 129
41 78 140
41 80 126
41 82 148
41 83 150
41 90 147
41 91 136
41 92 149
41 93 138
41 95 155
41 96 151
41 98 122
42 4 145
42 5 154
42 7 152
42 8 155
42 9 152
42 11 128
42 13 129
42 16 123
42 17 156
42 18 151
42 19 127
42 21 154
42 22 150
42 27 141
42 29 131
42 30 158
42 32 134
42 33 127
42 34 121
42 36 135
42 37 138
42 38 130
42 44 133
42 46 135
42 49 160
42 51 153
42 52 125
42 54 123
42 59 124
42 60 154
42 64 137
42 65 120
42 70 157
42 71 156
42 74 148
42 76 154
42 79 140
42 84 138
42 86 136
42 90 160
42 91 159
42 93 145
42 96 123
42 97 123
42 98 151
43 2 143
43 7 154
43 8 152
43 9 140
43 11 121
43 13 145
43 14 123
43 15 122
43 19 145
43 25 155
43 26 121
43 30 123
43 31 134
43 32 137
43 35 143
43 36 123
43 37 122
43 41 155
43 44 157
43 46 120
43 48 151
43 49 120
43 50 136
43 53 158
43 54 132
43 56 128
43 58 143
43 66 159
43 69 127
43 70 134
43 73 136
43 74 130
43 78 134
43 79 133
43 81 133
43 83 152
43 84 129
43 85 142
43 87 141
43 88 139
43 89 126
43 91 145
43 95 148
44 2 127
44 3 160
44 4 129
44 6 126
44 7 150
44 11 145
44 16 126
44 17 156
44 18 132
44 19 147
44 21 132
44 23 136
44 27 152
44 30 141
44 33 156
44 34 132
44 35 149
44 36 156
44 40 153
44 42 133
44 43 157
44 47 140
44 48 159
44 49 155
44 50 149
44 52 150
44 54 134
44 55 138
44 57 128
44 59 145
44 60 126
44 68 160
44 71 156
44 72 139
44 74 123
44 77 129
44 80 143
44 84 134
44 87 155
44 88 160
44 90 134
44 92 128
44 93 159
44 94 156
44 96 130
44 97 136
45 1 139
45 2 126
45 8 151
45 9 143
45 11 131
45 14 144
45 15 148
45 17 129
45 20 121
45 21 140
45 24 133
45 27 149
45 28 144
45 29 156
45 30 149
45 31 153
45 33 125
45 34 159
45 35 133
45 39 153
45 40 134
45 41 138
45 46 151
45 53 155
45 54 158
45 55 129
45 57 145
45 58 133
45 59 122
45 61 124
45 62 157
45 65 149
45 66 125
45 67 158
45 68 155
45 69 145
45 71 138
45 73 136
45 75 135
45 77 144
45 79 133
45 81 124
45 83 133
45 86 156
45 88 143
45 90 153
45 91 154
45 93 157
45 94 120
45 97 137
45 98 145
45 99 136
46 1 144
46 2 127
46 7 127
46 8 122
46 11 127
46 13 126
46 14 136
46 15 142
46 17 131
46 19 132
46 22 155
46 25 160
46 27 124
46 29 130
46 32 130
46 34 154
46 38 121
46 41 135
46 42 135
46 43 120
46 45 151
46 47 154
46 48 120
46 49 150
46 51 127
46 56 127
46 58 129
46 59 144
46 60 123
46 62 131
46 63 141
46 64 147
46 65 149
46 68 124
46 69 127
46 70 127
46 78 148
46 81 132
46 85 134
46 88 134
46 91 127
46 92 138
46 94 131
46 95 126
46 96 122
47 3 128
47 4 143
47 8 127
47 11 146
47 13 125
47 14 124
47 16 122
47 18 154
47 25 146
47 29 153
47 31 120
47 32 155
47 33 129
47 34 121
47 38 125
47 40 124
47 44 140
47 46 154
47 48 134
47 49 158
47 51 142
47 54 157
47 58 146
47 60 126
47 61 135
47 63 133
47 64 137
47 65 126
47 66 150
47 67 127
47 68 120
47 70 129
47 73 131
47 74 150
47 77 159
47 78 143
47 79 142
47 81 155
47 82 153
47 85 122
47 88 151
47 93 124
47 98 127
47 99 141
48 2 147
48 3 135
48 4 147
48 6 136
48 8 157
48 13 131
48 15 147
48 16 139
48 17 141
48 18 120
48 19 142
48 22 156
48 25 156
48 27 122
48 30 136
48 31 156
48 35 141
48 36 121
48 37 144
48 40 142
48 41 138
48 43 151
48 44 159
48 46 120
48 47 134
48 50 134
48 51 124
48 52 154
48 53 138
48 56 142
48 61 160
48 62 130
48 63 156
48 66 131
48 67 124
48 68 128
48 69 149
48 71 128
48 72 159
48 74 129
48 78 122
48 80 142
48 81 159
48 82 154
48 86 129
48 88 136
48 89 160
48 90 136
48 91 148
48 92 138
48 97 159
48 98 128
48 99 126
49 1 136
49 3 144
49 4 154
49 5 128
49 6 135
49 7 136
49 8 129
49 10 130
49 11 138
49 13 122
49 14 140
49 17 127
49 19 139
49 22 148
49 23 133
49 25 129
49 27 138
49 32 145
49 33 123
49 34 139
49 36 129
49 37 144
49 38 159
49 39 147
49 40 121
49 41 124
49 42 160
49 43 120
49 44 155
49 46 150
49 47 158
49 50 122
49 52 154
49 56 125
49 57 124
49 59 159
49 60 128
49 61 128
49 62 157
49 63 141
49 65 157
49 67 129
49 69 128
49 70 125
49 71 120
49 75 125
49 76 124
49 78 120
49 83 140
49 86 148
49 88 159
49 89 147
49 90 143
49 92 129
49 93 125
49 95 156
49 96 150
49 99 131
50 1 136
50 5 156
50 7 146
50 8 123
50 9 129
50 10 138
50 11 137
50 12 139
50 15 158
50 16 122
50 17 129
50 18 124
50 19 123
50 21 136
50 22 144
50 23 126
50 24 147
50 28 141
50 29 121
50 31 127
50 32 142
50 33 120
50 35 122
50 40 140
50 43 136
50 44 149
50 48 134
50 49 122
50 53 124
50 56 123
50 57 145
50 58 134
50 59 145
50 61 148
50 62 134
50 63 131
50 64 136
50 65 121
50 69 154
50 71 152
50 73 146
50 76 155
50 77 126
50 78 157
50 79 140
50 83 148
50 89 151
50 95 131
50 96 149
50 98 159
50 99 158
51 2 130
51 5 138
51 6 136
51 9 127
51 10 148
51 11 130
51 12 135
51 18 143
51 19 138
51 20 148
51 24 120
51 25 124
51 26 154
51 31 150
51 32 145
51 33 124
51 37 158
51 38 141
51 40 122
51 41 142
51 42 153
51 46 127
51 47 142
51 48 124
51 52 158
51 56 150
51 61 131
51 62 140
51 64 149
51 68 121
51 72 149
51 75 140
51 77 149
51 81 148
51 82 147
51 83 156
51 84 145
51 85 146
51 86 147
51 89 124
51 91 127
51 92 123
51 93 121
51 94 149
51 97 137
52 4 151
52 8 158
52 10 122
52 12 159
52 15 151
52 16 148
52 18 134
52 22 156
52 23 141
52 24 128
52 25 121
52 27 137
52 29 153
52 30 146
52 31 154
52 32 146
52 33 123
52 35 147
52 37 131
52 38 126
52 39 151
52 40 160
52 42 125
52 44 150
52 48 154
52 49 154
52 51 158
52 56 150
52 59 133
52 62 131
52 64 132
52 67 142
52 68 120
52 71 129
52 72 152
52 73 159
52 74 148
52 75 121
52 82 134
52 83 153
52 84 125
52 86 136
52 88 131
52 93 151
52 95 121
52 96 159
52 98 140
53 1 127
53 6 128
53 7 138
53 9 157
53 10 126
53 11 142
53 12 121
53 14 122
53 16 156
53 21 149
53 22 141
53 26 141
53 28 123
53 31 138
53 37 120
53 40 139
53 41 132
53 43 158
53 45 155
53 48 138
53 50 124
53 54 135
53 55 123
53 59 121
53 60 154
53 61 150
53 63 158
53 66 122
53 67 148
53 68 139
53 69 129
53 70 144
53 71 145
53 72 129
53 75 123
53 80 145
53 83 149
53 87 135
53 88 156
53 89 150
53 91 129
53 92 131
53 93 146
53 94 123
53 95 150
53 97 131
53 98 142
54 3 141
54 7 124
54 8 142
54 9 131
54 13 133
54 14 124
54 16 132
54 17 157
54 18 160
54 19 159
54 20 122
54 22 135
54 25 155
54 31 155
54 32 143
54 34 123
54 36 133
54 40 150
54 42 123
54 43 132
54 44 134
54 45 158
54 47 157
54 53 135
54 59 140
54 61 139
54 62 150
54 63 150
54 64 121
54 67 155
54 70 148
54 72 122
54 73 145
54 75 152
54 80 153
54 81 125
54 85 141
54 88 146
54 89 148
54 90 136
54 91 151
54 94 122
54 96 125
54 97 134
54 99 138
55 3 128
55 5 122
55 7 120
55 9 135
55 11 121
55 12 136
55 15 120
55 17 121
55 20 139
55 22 129
55 25 123
55 26 122
55 27 155
55 30 138
55 31 156
55 33 136
55 35 137
55 37 152
55 40 128
55 44 138
55 45 129
55 53 123
55 56 151
55 58 141
55 59 125
55 60 142
55 62 150
55 66 132
55 67 123
55 68 138
55 70 126
55 71 151
55 74 135
55 80 129
55 81 140
55 82 153
55 83 126
55 85 125
55 86 141
55 87 147
55 88 156
55 89 123
55 90 157
55 91 123
55 93 159
55 98 144
55 99 152
56 4 127
56 7 126
56 8 159
56 9 159
56 11 124
56 12 140
56 13 129
56 15 122
56 17 142
56 21 135
56 26 136
56 27 131
56 28 155
56 30 142
56 32 123
56 34 140
56 37 134
56 41 148
56 43 128
56 46 127
56 48 142
56 49 125
56 50 123
56 51 150
56 52 150
56 55 151
56 58 133
56 61 149
56 63 144
56 64 156
56 66 129
56 69 141
56 70 146
56 71 129
56 72 156
56 75 134
56 79 130
56 80 146
56 82 134
56 85 154
56 86 156
56 87 126
56 89 154
56 90 145
56 92 160
57 1 120
57 2 130
57 4 134
57 6 138
57 7 143
57 10 149
57 12 131
57 13 137
57 15 156
57 19 144
57 21 159
57 25 131
57 32 120
57 36 124
57 40 136
57 44 128
57 45 145
57 49 124
57 50 145
57 58 125
57 63 138
57 69 125
57 70 147
57 73 129
57 75 121
57 76 144
57 78 134
57 79 133
57 80 153
57 82 142
57 84 121
57 87 147
57 89 145
57 91 156
57 92 139
57 93 143
57 94 156
57 99 133
58 2 143
58 3 145
58 4 132
58 5 138
58 7 131
58 8 154
58 9 156
58 10 154
58 11 155
58 13 120
58 14 144
58 17 150
58 18 159
58 20 149
58 21 136
58 22 149
58 23 133
58 24 145
58 25 139
58 30 127
58 31 147
58 32 136
58 33 146
58 34 143
58 35 153
58 36 121
58 38 129
58 43 143
58 45 133
58 46 129
58 47 146
58 50 134
58 55 141
58 56 133
58 57 125
58 60 131
58 62 158
58 66 120
58 68 137
58 69 143
58 71 158
58 74 122
58 76 125
58 77 142
58 83 157
58 84 132
58 91 130
58 94 130
58 95 146
58 96 138
58 99 141
59 1 142
59 3 138
59 5 123
59 7 148
59 8 149
59 13 128
59 14 130
59 17 151
59 19 160
59 20 126
59 22 151
59 23 121
59 24 129
59 25 147
59 28 122
59 29 153
59 30 128
59 31 153
59 34 143
59 38 120
59 40 130
59 42 124
59 44 145
59 45 122
59 46 144
59 49 159
59 50 145
59 52 133
59 53 121
59 54 140
59 55 125
59 61 153
59 62 130
59 63 147
59 64 147
59 70 146
59 72 125
59 74 126
59 75 141
59 76 156
59 77 130
59 78 132
59 80 125
59 82 149
59 85 122
59 87 136
59 89 136
59 90 152
59 91 145
59 94 147
59 95 133
59 96 120
60 1 142
60 5 146
60 6 148
60 10 134
60 11 145
60 12 151
60 13 128
60 16 127
60 18 123
60 27 130
60 29 129
60 30 143
60 31 159
60 34 157
60 38 135
60 39 132
60 40 142
60 42 154
60 44 126
60 46 123
60 47 126
60 49 128
60 53 154
60 55 142
60 58 131
60 63 122
60 64 124
60 69 146
60 72 136
60 74 141
60 76 145
60 80 123
60 81 148
60 84 157
60 85 124
60 88 126
60 92 154
60 93 128
60 94 140
60 99 144
61 1 128
61 4 131
61 9 129
61 10 146
61 11 137
61 12 123
61 13 139
61 15 156
61 18 125
61 19 152
61 24 124
61 27 145
61 28 157
61 30 127
61 31 135
61 32 129
61 33 151
61 34 122
61 36 134
61 38 156
61 39 128
61 41 135
61 45 124
61 47 135
61 48 160
61 49 128
61 50 148
61 51 131
61 53 150
61 54 139
61 56 149
61 59 153
61 63 127
61 67 149
61 68 147
61 71 159
61 72 160
61 74 121
61 76 131
61 78 147
61 79 131
61 83 154
61 84 131
61 86 140
61 89 141
61 90 153
61 92 127
61 94 152
61 97 158
61 99 159
62 1 124
62 2 158
62 3 130
62 4 142
62 5 139
62 6 123
62 8 139
62 12 160
62 13 140
62 14 142
62 17 135
62 18 127
62 19 124
62 22 125
62 24 154
62 25 140
62 27 120
62 28 126
62 29 135
62 32 149
62 34 124
62 36 131
62 40 133
62 45 157
62 46 131
62 48 130
62 49 157
62 50 134
62 51 140
62 52 131
62 54 150
62 55 150
62 58 158
62 59 130
62 64 133
62 65 152
62 66 129
62 67 154
62 68 121
62 73 149
62 75 147
62 77 127
62 79 152
62 80 156
62 81 146
62 86 131
62 87 125
62 88 150
62 89 149
62 90 150
62 91 157
62 95 138
62 98 144
62 99 147
63 4 120
63 5 128
63 7 143
63 12 131
63 15 134
63 18 129
63 20 139
63 22 123
63 26 124
63 27 133
63 28 157
63 29 136
63 30 128
63 34 144
63 35 146
63 37 132
63 39 120
63 40 142
63 41 144
63 46 141
63 47 133
63 48 156
63 49 141
63 50 131
63 53 158
63 54 150
63 56 144
63 57 138
63 59 147
63 60 122
63 61 127
63 64 154
63 66 159
63 67 157
63 68 127
63 69 136
63 70 152
63 72 151
63 73 151
63 74 159
63 76 148
63 77 135
63 78 156
63 79 155
63 80 152
63 83 137
63 86 159
63 87 139
63 90 135
63 91 124
63 92 151
63 93 135
63 94 144
63 95 130
63 96 156
63 97 134
64 1 120
64 2 137
64 4 120
64 6 121
64 8 141
64 9 128
64 11 143
64 12 123
64 13 141
64 14 122
64 15 155
64 17 123
64 18 160
64 20 148
64 21 137
64 24 149
64 25 152
64 29 147
64 32 146
64 35 125
64 36 156
64 37 155
64 38 157
64 42 137
64 46 147
64 47 137
64 50 136
64 51 149
64 52 132
64 54 121
64 56 156
64 59 147
64 60 124
64 62 133
64 63 154
64 66 138
64 67 154
64 72 152
64 74 138
64 75 149
64 76 154
64 77 131
64 79 130
64 80 147
64 81 122
64 82 160
64 85 127
64 87 159
64 88 120
64 89 157
64 90 147
64 91 149
64 93 129
64 95 129
64 97 147
64 98 126
65 5 127
65 9 158
65 11 139
65 12 127
65 13 134
65 16 151
65 20 120
65 22 160
65 23 137
65 28 157
65 30 142
65 32 125
65 33 151
65 34 137
65 36 149
65 37 126
65 39 121
65 41 149
65 42 120
65 45 149
65 46 149
65 47 126
65 49 157
65 50 121
65 62 152
65 70 144
65 71 135
65 73 160
65 76 131
65 77 149
65 78 129
65 79 120
65 80 144
65 81 141
65 82 137
65 83 159
65 84 130
65 86 134
65 88 144
65 89 143
65 91 159
65 92 148
65 93 126
65 96 134
65 98 127
66 1 154
66 2 142
66 3 128
66 5 136
66 9 122
66 10 153
66 11 142
66 12 145
66 14 120
66 17 123
66 20 145
66 21 135
66 26 155
66 27 132
66 32 135
66 34 130
66 35 125
66 36 135
66 40 128
66 41 146
66 43 159
66 45 125
66 47 150
66 48 131
66 53 122
66 55 132
66 56 129
66 58 120
66 62 129
66 63 159
66 64 138
66 71 136
66 72 160
66 76 122
66 77 152
66 78 159
66 79 137
66 82 160
66 83 133
66 84 132
66 85 141
66 89 152
66 90 129
66 91 139
66 95 144
66 96 127
66 97 152
66 99 156
67 2 133
67 3 122
67 10 127
67 14 159
67 17 141
67 19 159
67 20 130
67 21 134
67 22 126
67 24 142
67 27 159
67 28 160
67 29 142
67 32 122
67 33 149
67 36 139
67 37 147
67 38 138
67 40 157
67 41 130
67 45 158
67 47 127
67 48 124
67 49 129
67 52 142
67 53 148
67 54 155
67 55 123
67 61 149
67 62 154
67 63 157
67 64 154
67 69 145
67 71 133
67 72 141
67 75 126
67 76 159
67 78 134
67 80 152
67 81 148
67 82 153
67 84 157
67 85 147
67 86 124
67 87 157
67 90 154
67 91 141
67 97 120
67 99 154
68 1 122
68 3 130
68 4 121
68 6 138
68 7 143
68 8 141
68 10 128
68 13 121
68 14 136
68 15 138
68 16 149
68 17 150
68 20 149
68 22 159
68 25 140
68 26 123
68 29 132
68 31 137
68 32 160
68 34 148
68 38 123
68 40 124
68 44 160
68 45 155
68 46 124
68 47 120
68 48 128
68 51 121
68 52 120
68 53 139
68 55 138
68 58 137
68 61 147
68 62 121
68 63 127
68 70 133
68 75 158
68 78 140
68 79 133
68 80 125
68 82 133
68 84 125
68 86 153
68 88 135
68 89 158
68 90 153
68 93 126
68 98 136
68 99 148
69 1 134
69 2 124
69 3 158
69 6 127
69 7 140
69 11 142
69 14 150
69 17 138
69 22 156
69 26 133
69 28 157
69 29 121
69 30 132
69 33 151
69 34 153
69 35 158
69 37 144
69 39 120
69 40 156
69 43 127
69 45 145
69 46 127
69 48 149
69 49 128
69 50 154
69 53 129
69 56 141
69 57 125
69 58 143
69 60 146
69 63 136
69 67 145
69 70 128
69 71 153
69 72 130
69 75 128
69 77 123
69 78 120
69 79 130
69 83 137
69 84 128
69 87 146
69 88 124
69 89 141
69 91 143
69 92 149
69 93 149
69 95 153
69 96 158
69 98 139
70 1 145
70 5 147
70 7 158
70 12 160
70 13 130
70 15 148
70 16 135
70 17 144
70 19 124
70 20 121
70 22 139
70 23 124
70 24 150
70 25 152
70 26 160
70 27 151
70 29 135
70 31 149
70 35 146
70 37 150
70 38 158
70 40 145
70 42 157
70 43 134
70 46 127
70 47 129
70 49 125
70 53 144
70 54 148
70 55 126
70 56 146
70 57 147
70 59 146
70 63 152
70 65 144
70 68 133
70 69 128
70 72 149
70 73 124
70 74 152
70 79 149
70 80 134
70 85 141
70 87 140
70 89 126
70 91 123
70 93 153
70 98 149
71 2 142
71 3 150
71 4 150
71 5 158
71 6 129
71 10 134
71 12 138
71 13 130
71 14 143
71 15 128
71 17 135
71 22 128
71 23 135
71 24 123
71 25 143
71 27 160
71 28 123
71 30 124
71 31 144
71 32 150
71 39 128
71 41 138
71 42 156
71 44 156
71 45 138
71 48 128
71 49 120
71 50 152
71 52 129
71 53 145
71 55 151
71 56 129
71 58 158
71 61 159
71 65 135
71 66 136
71 67 133
71 69 153
71 73 159
71 74 157
71 76 142
71 77 160
71 81 127
71 82 122
71 84 121
71 85 130
71 87 153
71 89 137
71 92 145
71 93 141
71 95 158
71 97 138
72 1 131
72 2 146
72 4 142
72 6 160
72 7 160
72 8 128
72 10 123
72 11 129
72 13 159
72 15 129
72 16 123
72 17 156
72 24 133
72 25 146
72 28 160
72 30 135
72 31 149
72 32 146
72 37 143
72 39 144
72 44 139
72 48 159
72 51 149
72 52 152
72 53 129
72 54 122
72 56 156
72 59 125
72 60 136
72 61 160
72 63 151
72 64 152
72 66 160
72 67 141
72 69 130
72 70 149
72 73 136
72 76 134
72 77 141
72 79 125
72 80 125
72 81 159
72 82 149
72 83 151
72 84 127
72 85 158
72 87 147
72 89 134
72 93 144
72 94 124
72 95 122
72 97 141
72 99 133
73 2 142
73 6 152
73 11 145
73 12 146
73 13 136
73 15 148
73 16 125
73 18 120
73 20 128
73 25 142
73 26 126
73 27 159
73 28 144
73 32 159
73 33 156
73 35 129
73 39 145
73 43 136
73 45 136
73 47 131
73 50 146
73 52 159
73 54 145
73 57 129
73 62 149
73 63 151
73 65 160
73 70 124
73 71 159
73 72 136
73 74 149
73 75 141
73 76 159
73 78 153
73 81 137
73 85 130
73 86 124
73 89 152
73 91 136
73 93 151
73 96 121
73 99 154
74 2 145
74 3 135
74 6 131
74 8 123
74 9 121
74 10 152
74 11 121
74 12 151
74 14 143
74 15 133
74 16 151
74 17 123
74 18 133
74 19 160
74 22 155
74 28 159
74 29 156
74 30 143
74 32 120
74 34 132
74 36 123
74 42 148
74 43 130
74 44 123
74 47 150
74 48 129
74 52 148
74 55 135
74 58 122
74 59 126
74 60 141
74 61 121
74 63 159
74 64 138
74 70 152
74 71 157
74 73 149
74 76 131
74 79 159
74 80 123
74 81 157
74 84 159
74 85 121
74 87 121
74 91 146
74 94 156
74 95 123
74 99 138
75 2 139
75 3 152
75 4 139
75 8 156
75 9 132
75 13 140
75 14 131
75 15 132
75 18 158
75 19 144
75 20 124
75 21 159
75 22 135
75 24 125
75 25 120
75 26 158
75 27 127
75 29 147
75 36 143
75 39 131
75 41 134
75 45 135
75 49 125
75 51 140
75 52 121
75 53 123
75 54 152
75 56 134
75 57 121
75 59 141
75 62 147
75 64 149
75 67 126
75 68 158
75 69 128
75 73 141
75 83 138
75 87 141
75 89 127
75 90 135
75 92 136
75 94 154
75 95 126
75 96 126
75 97 137
75 99 122
76 1 128
76 3 142
76 4 154
76 5 132
76 8 148
76 10 138
76 11 158
76 14 131
76 16 151
76 17 152
76 18 141
76 19 123
76 20 142
76 21 136
76 22 142
76 24 136
76 25 154
76 27 147
76 29 140
76 36 147
76 37 141
76 38 144
76 40 142
76 42 154
76 49 124
76 50 155
76 57 144
76 58 125
76 59 156
76 60 145
76 61 131
76 63 148
76 64 154
76 65 131
76 66 122
76 67 159
76 71 142
76 72 134
76 73 159
76 74 131
76 79 136
76 82 136
76 85 151
76 91 125
76 96 158
76 98 129
77 1 147
77 3 153
77 4 158
77 8 160
77 14 139
77 15 126
77 17 123
77 18 151
77 20 122
77 22 125
77 23 120
77 27 149
77 28 129
77 31 153
77 34 147
77 35 148
77 36 145
77 38 130
77 40 125
77 41 129
77 44 129
77 45 144
77 47 159
77 50 126
77 51 149
77 58 142
77 59 130
77 62 127
77 63 135
77 64 131
77 65 149
77 66 152
77 69 123
77 71 160
77 72 141
77 78 124
77 80 133
77 81 128
77 82 149
77 85 140
77 88 133
77 89 149
77 90 135
77 91 146
77 92 153
77 93 127
77 95 150
77 98 142
77 99 149
78 1 146
78 4 123
78 5 137
78 10 126
78 12 137
78 13 145
78 16 144
78 17 121
78 20 149
78 21 147
78 23 127
78 24 157
78 26 125
78 29 159
78 30 132
78 31 160
78 32 128
78 33 122
78 36 127
78 37 141
78 39 134
78 41 140
78 43 134
78 46 148
78 47 143
78 48 122
78 49 120
78 50 157
78 57 134
78 59 132
78 61 147
78 63 156
78 65 129
78 66 159
78 67 134
78 68 140
78 69 120
78 73 153
78 77 124
78 81 145
78 82 144
78 83 121
78 88 140
78 90 121
78 94 135
78 95 158
78 96 135
78 99 124
79 1 153
79 2 131
79 4 151
79 10 125
79 11 138
79 13 140
79 14 121
79 18 120
79 21 127
79 22 146
79 24 130
79 29 124
79 31 131
79 32 159
79 33 138
79 34 151
79 35 146
79 38 155
79 39 136
79 40 134
79 42 140
79 43 133
79 45 133
79 47 142
79 50 140
79 56 130
79 57 133
79 61 131
79 62 152
79 63 155
79 64 130
79 65 120
79 66 137
79 68 133
79 69 130
79 70 149
79 72 125
79 74 159
79 76 136
79 80 157
79 81 154
79 83 135
79 85 128
79 91 123
79 93 145
79 95 138
79 96 160
80 1 139
80 3 144
80 4 154
80 7 121
80 20 127
80 21 124
80 23 120
80 24 136
80 25 151
80 28 136
80 30 126
80 32 139
80 33 148
80 36 131
80 38 154
80 39 158
80 41 126
80 44 143
80 48 142
80 53 145
80 54 153
80 55 129
80 56 146
80 57 153
80 59 125
80 60 123
80 62 156
80 63 152
80 64 147
80 65 144
80 67 152
80 68 125
80 70 134
80 72 125
80 74 123
80 77 133
80 79 157
80 81 141
80 85 157
80 89 136
80 90 131
80 91 149
80 93 122
80 95 139
80 96 126
80 97 122
81 1 120
81 2 144
81 3 123
81 6 134
81 9 123
81 11 124
81 12 127
81 13 125
81 17 132
81 19 131
81 22 127
81 23 127
81 24 143
81 25 134
81 26 157
81 27 139
81 29 126
81 32 138
81 34 141
81 35 160
81 43 133
81 45 124
81 46 132
81 47 155
81 48 159
81 51 148
81 54 125
81 55 140
81 60 148
81 62 146
81 64 122
81 65 141
81 67 148
81 71 127
81 72 159
81 73 137
81 74 157
81 77 128
81 78 145
81 79 154
81 80 141
81 84 152
81 86 128
81 88 140
81 92 144
81 93 149
81 94 156
81 95 122
81 99 147
82 1 136
82 2 127
82 4 159
82 7 127
82 8 155
82 9 146
82 12 158
82 14 136
82 17 132
82 18 134
82 19 126
82 26 126
82 27 153
82 28 130
82 29 138
82 32 157
82 35 144
82 36 126
82 38 157
82 39 134
82 40 125
82 41 148
82 47 153
82 48 154
82 51 147
82 52 134
82 55 153
82 56 134
82 57 142
82 59 149
82 64 160
82 65 137
82 66 160
82 67 153
82 68 133
82 71 122
82 72 149
82 76 136
82 77 149
82 78 144
82 83 129
82 84 148
82 87 122
82 88 154
82 89 128
82 90 138
82 92 156
83 1 132
83 2 125
83 7 159
83 9 132
83 11 146
83 13 138
83 14 134
83 15 154
83 19 151
83 20 141
83 24 127
83 25 123
83 26 126
83 28 160
83 29 148
83 31 124
83 32 143
83 34 142
83 36 141
83 38 160
83 40 124
83 41 150
83 43 152
83 45 133
83 49 140
83 50 148
83 51 156
83 52 153
83 53 149
83 55 126
83 58 157
83 61 154
83 63 137
83 65 159
83 66 133
83 69 137
83 72 151
83 75 138
83 78 121
83 79 135
83 82 129
83 84 145
83 85 159
83 87 139
83 88 155
83 91 157
83 95 160
83 99 122
84 2 150
84 3 121
84 5 144
84 7 140
84 9 151
84 11 130
84 13 150
84 14 136
84 15 140
84 17 136
84 18 152
84 22 154
84 25 141
84 26 148
84 27 159
84 28 134
84 30 158
84 32 146
84 35 155
84 36 144
84 37 135
84 38 130
84 39 125
84 42 138
84 43 129
84 44 134
84 51 145
84 52 125
84 57 121
84 58 132
84 60 157
84 61 131
84 65 130
84 66 132
84 67 157
84 68 125
84 69 128
84 71 121
84 72 127
84 74 159
84 81 152
84 82 148
84 83 145
84 90 147
84 92 155
84 94 147
84 95 139
84 96 127
85 1 138
85 2 126
85 3 146
85 4 132
85 5 144
85 8 124
85 13 133
85 14 120
85 15 155
85 17 152
85 18 124
85 22 145
85 25 125
85 27 134
85 28 131
85 30 146
85 32 159
85 33 121
85 35 142
85 43 142
85 46 134
85 47 122
85 51 146
85 54 141
85 55 125
85 56 154
85 59 122
85 60 124
85 64 127
85 66 141
85 67 147
85 70 141
85 71 130
85 72 158
85 73 130
85 74 121
85 76 151
85 77 140
85 79 128
85 80 157
85 83 159
85 87 125
85 88 131
85 89 146
85 90 122
85 91 153
85 94 131
85 97 125
86 4 143
86 5 141
86 6 131
86 7 131
86 8 124
86 12 149
86 13 156
86 14 160
86 20 156
86 23 160
86 25 146
86 28 131
86 31 130
86 34 143
86 35 134
86 36 124
86 37 130
86 38 148
86 42 136
86 45 156
86 48 129
86 49 148
86 51 147
86 52 136
86 55 141
86 56 156
86 61 140
86 62 131
86 63 159
86 65 134
86 67 124
86 68 153
86 73 124
86 81 128
86 88 141
86 89 141
86 90 138
86 91 149
86 92 133
86 93 154
86 95 131
86 96 136
87 1 150
87 3 156
87 4 156
87 12 141
87 13 143
87 15 158
87 17 155
87 19 131
87 21 135
87 22 125
87 23 130
87 24 160
87 25 145
87 26 140
87 27 136
87 30 153
87 31 139
87 32 159
87 33 129
87 34 139
87 35 159
87 36 142
87 39 123
87 40 127
87 43 141
87 44 155
87 53 135
87 55 147
87 56 126
87 57 147
87 59 136
87 62 125
87 63 139
87 64 159
87 67 157
87 69 146
87 70 140
87 71 153
87 72 147
87 74 121
87 75 141
87 82 122
87 83 139
87 85 125
87 88 139
87 90 158
87 91 157
87 92 121
87 94 139
87 96 128
88 4 160
88 7 130
88 8 125
88 10 142
88 13 155
88 14 140
88 15 159
88 17 150
88 18 148
88 26 137
88 27 151
88 28 135
88 30 148
88 32 135
88 35 143
88 37 158
88 38 134
88 39 152
88 43 139
88 44 160
88 45 143
88 46 134
88 47 151
88 48 136
88 49 159
88 52 131
88 53 156
88 54 146
88 55 156
88 60 126
88 62 150
88 64 120
88 65 144
88 68 135
88 69 124
88 77 133
88 78 140
88 81 140
88 82 154
88 83 155
88 85 131
88 86 141
88 87 139
88 90 141
88 91 155
88 96 138
88 97 120
88 98 128
88 99 141
89 3 137
89 4 154
89 7 153
89 9 143
89 12 144
89 14 138
89 16 148
89 17 130
89 18 151
89 20 142
89 21 121
89 22 148
89 23 124
89 27 155
89 32 134
89 33 124
89 34 151
89 37 156
89 39 154
89 43 126
89 48 160
89 49 147
89 50 151
89 51 124
89 53 150
89 54 148
89 55 123
89 56 154
89 57 145
89 59 136
89 61 141
89 62 149
89 64 157
89 65 143
89 66 152
89 68 158
89 69 141
89 70 126
89 71 137
89 72 134
89 73 152
89 75 127
89 77 149
89 80 136
89 82 128
89 85 146
89 86 141
89 90 152
89 92 145
89 94 152
89 95 136
90 1 146
90 4 159
90 6 137
90 9 125
90 10 129
90 13 127
90 14 152
90 15 154
90 19 149
90 20 151
90 21 155
90 24 130
90 27 147
90 28 136
90 29 160
90 30 146
90 32 139
90 34 133
90 35 127
90 36 123
90 37 138
90 38 136
90 39 156
90 40 133
90 41 147
90 42 160
90 44 134
90 45 153
90 48 136
90 49 143
90 54 136
90 55 157
90 56 145
90 59 152
90 61 153
90 62 150
90 63 135
90 64 147
90 66 129
90 67 154
90 68 153
90 75 135
90 77 135
90 78 121
90 80 131
90 82 138
90 84 147
90 85 122
90 86 138
90 87 158
90 88 141
90 89 152
90 92 124
90 93 132
91 2 143
91 3 160
91 4 122
91 5 141
91 7 130
91 8 147
91 9 152
91 10 135
91 11 146
91 12 159
91 13 134
91 16 146
91 17 147
91 19 150
91 20 120
91 21 130
91 22 126
91 23 121
91 24 136
91 25 159
91 26 120
91 27 144
91 28 148
91 31 133
91 33 133
91 34 160
91 35 136
91 37 125
91 38 120
91 40 135
91 41 136
91 42 159
91 43 145
91 45 154
91 46 127
91 48 148
91 51 127
91 53 129
91 54 151
91 55 123
91 57 156
91 58 130
91 59 145
91 62 157
91 63 124
91 64 149
91 65 159
91 66 139
91 67 141
91 69 143
91 70 123
91 73 136
91 74 146
91 76 125
91 77 146
91 79 123
91 80 149
91 83 157
91 85 153
91 86 149
91 87 157
91 88 155
91 94 151
91 96 136
91 97 156
91 98 137
91 99 140
92 2 136
92 11 151
92 12 149
92 14 120
92 17 137
92 18 138
92 21 124
92 24 156
92 26 154
92 27 143
92 28 156
92 29 142
92 31 150
92 35 151
92 38 152
92 41 149
92 44 128
92 46 138
92 48 138
92 49 129
92 51 123
92 53 131
92 56 160
92 57 139
92 60 154
92 61 127
92 63 151
92 65 148
92 69 149
92 71 145
92 75 136
92 77 153
92 81 144
92 82 156
92 84 155
92 86 133
92 87 121
92 89 145
92 90 124
92 94 140
92 96 123
92 97 158
92 98 152
93 2 145
93 3 137
93 4 124
93 7 145
93 8 158
93 9 148
93 10 139
93 12 152
93 16 160
93 18 139
93 19 126
93 20 131
93 21 143
93 22 135
93 23 131
93 24 146
93 25 141
93 26 128
93 30 124
93 31 155
93 33 137
93 35 139
93 36 129
93 37 137
93 38 120
93 41 138
93 42 145
93 44 159
93 45 157
93 47 124
93 49 125
93 51 121
93 52 151
93 53 146
93 55 159
93 57 143
93 60 128
93 63 135
93 64 129
93 65 126
93 68 126
93 69 149
93 70 153
93 71 141
93 72 144
93 73 151
93 77 127
93 79 145
93 80 122
93 81 149
93 86 154
93 90 132
93 95 150
93 97 124
93 99 136
94 1 130
94 2 156
94 6 155
94 8 145
94 10 136
94 13 143
94 14 143
94 15 142
94 16 155
94 21 150
94 24 146
94 25 125
94 27 134
94 28 121
94 31 153
94 35 131
94 36 140
94 39 151
94 40 156
94 44 156
94 45 120
94 46 131
94 51 149
94 53 123
94 54 122
94 57 156
94 58 130
94 59 147
94 60 140
94 61 152
94 63 144
94 72 124
94 74 156
94 75 154
94 78 135
94 81 156
94 84 147
94 85 131
94 87 139
94 89 152
94 91 151
94 92 140
95 1 136
95 4 154
95 5 156
95 11 158
95 14 159
95 16 142
95 17 140
95 25 151
95 26 158
95 27 155
95 28 132
95 29 130
95 31 120
95 32 128
95 34 149
95 36 136
95 41 155
95 43 148
95 46 126
95 49 156
95 50 131
95 52 121
95 53 150
95 58 146
95 59 133
95 62 138
95 63 130
95 64 129
95 66 144
95 69 153
95 71 158
95 72 122
95 74 123
95 75 126
95 77 150
95 78 158
95 79 138
95 80 139
95 81 122
95 83 160
95 84 139
95 86 131
95 89 136
95 93 150
95 96 134
95 98 146
95 99 150
96 4 151
96 6 124
96 7 122
96 12 122
96 13 160
96 14 158
96 15 149
96 16 154
96 18 127
96 19 146
96 22 151
96 23 155
96 25 136
96 27 131
96 28 128
96 30 127
96 31 121
96 34 134
96 36 137
96 39 141
96 40 134
96 41 151
96 42 123
96 44 130
96 46 122
96 49 150
96 50 149
96 52 159
96 54 125
96 58 138
96 59 120
96 63 156
96 65 134
96 66 127
96 69 158
96 73 121
96 75 126
96 76 158
96 78 135
96 79 160
96 80 126
96 84 127
96 86 136
96 87 128
96 88 138
96 91 136
96 92 123
96 95 134
96 97 133
97 1 129
97 2 142
97 3 130
97 4 159
97 5 123
97 9 151
97 10 134
97 11 121
97 12 139
97 13 138
97 14 131
97 17 144
97 19 160
97 20 143
97 21 144
97 23 139
97 24 158
97 25 152
97 26 122
97 28 130
97 29 148
97 30 130
97 38 145
97 40 139
97 42 123
97 44 136
97 45 137
97 48 159
97 51 137
97 53 131
97 54 134
97 61 158
97 63 134
97 64 147
97 66 152
97 67 120
97 71 138
97 72 141
97 75 137
97 80 122
97 85 125
97 88 120
97 91 156
97 92 158
97 93 124
97 96 133
97 98 130
98 1 158
98 2 142
98 3 142
98 4 129
98 7 139
98 8 120
98 9 133
98 12 144
98 13 123
98 18 135
98 19 154
98 21 147
98 24 154
98 25 131
98 28 156
98 29 156
98 31 148
98 32 159
98 34 136
98 37 125
98 38 153
98 39 150
98 41 122
98 42 151
98 45 145
98 47 127
98 48 128
98 50 159
98 52 140
98 53 142
98 55 144
98 62 144
98 64 126
98 65 127
98 68 136
98 69 139
98 70 149
98 76 129
98 77 142
98 88 128
98 91 137
98 92 152
98 95 146
98 97 130
98 99 157
5 t 127
8 t 157
9 t 132
11 t 127
12 t 121
16 t 142
17 t 140
20 t 122
21 t 141
23 t 141
24 t 134
27 t 154
28 t 137
29 t 143
30 t 151
31 t 132
32 t 141
35 t 136
36 t 150
37 t 138
45 t 136
47 t 141
48 t 126
49 t 131
50 t 158
54 t 138
55 t 152
57 t 133
58 t 141
60 t 144
61 t 159
62 t 147
66 t 156
67 t 154
68 t 148
72 t 133
73 t 154
74 t 138
75 t 122
77 t 149
78 t 124
81 t 147
83 t 122
88 t 141
91 t 140
93 t 136
95 t 150
98 t 157
