s 1 87
s 2 98
s 5 93
s 6 85
s 8 114
s 10 116
s 12 107
s 15 88
s 20 90
s 21 102
s 22 117
s 23 99
s 24 83
s 28 119
s 30 99
s 33 96
s 34 91
s 35 120
s 37 107
s 38 105
s 43 97
s 44 97
s 46 89
s 47 85
s 48 92
s 50 117
s 53 109
s 54 110
s 55 118
s 57 111
s 61 106
s 62 99
s 64 114
s 68 101
s 77 108
s 79 120
s 80 82
s 82 98
s 84 82
s 85 85
s 89 88
s 92 87
s 93 91
s 97 84
s 98 83
s 99 83
1 3 111
1 4 83
1 6 93
1 7 100
1 8 91
1 10 95
1 12 84
1 17 115
1 19 106
1 21 85
1 22 100
1 25 101
1 30 99
1 34 111
1 35 119
1 37 93
1 39 98
1 40 80
1 44 105
1 45 93
1 46 108
1 47 104
1 48 85
1 49 111
1 51 109
1 52 85
1 59 115
1 61 90
1 63 84
1 64 88
1 65 105
1 67 86
1 69 107
1 72 112
1 73 88
1 74 96
1 77 105
1 78 110
1 80 85
1 82 114
1 83 98
1 87 91
1 89 106
1 92 112
1 95 116
1 97 111
1 99 97
2 7 91
2 9 89
2 11 85
2 12 104
2 15 98
2 16 117
2 20 96
2 22 105
2 24 100
2 26 118
2 27 101
2 28 104
2 29 91
2 30 86
2 32 102
2 35 112
2 36 96
2 40 111
2 42 117
2 44 112
2 45 108
2 51 99
2 52 96
2 54 117
2 55 99
2 58 97
2 60 118
2 63 94
2 64 97
2 66 99
2 68 106
2 69 104
2 70 91
2 71 90
2 72 84
2 75 93
2 76 112
2 79 104
2 81 100
2 82 90
2 86 84
2 87 89
2 88 96
2 89 110
2 90 105
2 92 112
2 93 94
2 96 119
2 97 120
2 99 109
3 1 111
3 4 117
3 5 112
3 6 90
3 10 112
3 13 102
3 15 99
3 25 104
3 27 94
3 30 107
3 33 80
3 38 89
3 39 80
3 40 102
3 41 114
3 42 112
3 45 120
3 50 118
3 51 85
3 56 109
3 60 115
3 61 104
3 62 95
3 64 96
3 65 84
3 66 80
3 67 94
3 70 107
3 71 97
3 73 120
3 77 95
3 79 88
3 83 83
3 88 114
3 90 82
3 91 94
3 93 80
3 98 108
3 99 119
4 1 83
4 3 117
4 8 80
4 11 112
4 15 83
4 16 95
4 17 117
4 19 108
4 20 108
4 22 97
4 23 117
4 25 96
4 27 80
4 28 108
4 29 97
4 30 93
4 31 106
4 32 81
4 33 101
4 34 88
4 36 101
4 39 103
4 40 83
4 41 83
4 42 95
4 46 99
4 47 82
4 52 87
4 55 115
4 56 91
4 62 97
4 66 106
4 69 118
4 70 90
4 71 111
4 72 106
4 73 81
4 75 81
4 80 100
4 82 80
4 83 90
4 88 103
4 89 86
4 94 98
4 95 120
4 96 109
4 98 103
4 99 102
5 3 112
5 8 91
5 10 111
5 12 112
5 13 112
5 14 90
5 16 117
5 18 94
5 21 118
5 24 100
5 29 108
5 31 93
5 32 102
5 34 105
5 35 92
5 39 112
5 40 89
5 44 94
5 45 99
5 49 105
5 50 117
5 52 101
5 55 92
5 64 107
5 66 119
5 68 98
5 71 89
5 73 103
5 76 97
5 78 88
5 81 98
5 86 81
5 87 112
5 88 104
5 90 97
5 94 94
5 95 91
5 96 98
5 98 82
6 1 93
6 3 90
6 7 109
6 8 94
6 10 99
6 13 106
6 14 100
6 15 81
6 16 118
6 17 102
6 19 112
6 21 107
6 24 104
6 25 99
6 28 87
6 30 106
6 33 119
6 35 81
6 36 102
6 37 83
6 38 111
6 39 90
6 43 80
6 45 106
6 46 112
6 48 116
6 49 96
6 52 117
6 54 113
6 55 110
6 56 100
6 59 106
6 64 119
6 65 102
6 68 101
6 69 120
6 70 117
6 71 84
6 73 120
6 74 117
6 76 80
6 80 112
6 85 108
6 88 96
6 94 88
6 95 107
6 97 91
6 98 114
7 1 100
7 2 91
7 6 109
7 9 98
7 11 99
7 13 93
7 14 97
7 15 120
7 16 112
7 20 101
7 21 84
7 22 97
7 23 99
7 25 113
7 26 111
7 28 84
7 29 110
7 31 90
7 33 117
7 35 91
7 38 92
7 39 110
7 40 103
7 41 113
7 42 92
7 45 103
7 46 117
7 47 112
7 49 99
7 50 113
7 51 104
7 53 84
7 55 80
7 57 88
7 61 106
7 64 86
7 66 114
7 68 117
7 70 109
7 71 86
7 73 101
7 75 105
7 76 100
7 81 120
7 86 100
7 87 106
7 97 111
8 1 91
8 4 80
8 5 91
8 6 94
8 9 113
8 14 101
8 18 93
8 20 96
8 21 82
8 22 108
8 26 114
8 27 113
8 29 88
8 31 83
8 32 81
8 33 85
8 34 114
8 37 104
8 40 110
8 46 106
8 51 90
8 53 103
8 57 120
8 59 113
8 60 112
8 62 89
8 65 112
8 67 89
8 69 88
8 70 110
8 72 101
8 73 88
8 74 96
8 76 113
8 79 80
8 80 83
8 81 111
8 82 107
8 83 82
8 84 84
8 87 101
8 88 92
8 90 97
8 91 110
8 92 105
8 94 99
8 95 103
9 2 89
9 7 98
9 8 113
9 10 107
9 12 110
9 14 100
9 15 108
9 16 80
9 18 101
9 20 83
9 23 112
9 25 118
9 26 106
9 32 88
9 33 113
9 34 106
9 38 96
9 39 101
9 43 89
9 45 101
9 46 112
9 48 103
9 49 83
9 50 101
9 52 81
9 53 103
9 54 82
9 55 92
9 56 103
9 57 108
9 58 107
9 60 107
9 61 84
9 62 91
9 65 114
9 67 101
9 69 107
9 71 104
9 72 111
9 73 87
9 75 103
9 76 104
9 82 90
9 83 82
9 84 110
9 86 119
9 87 119
9 88 115
9 89 80
9 90 87
9 91 92
9 92 89
9 94 81
9 95 114
9 97 105
9 98 92
9 99 82
10 1 95
10 3 112
10 5 111
10 6 99
10 9 107
10 11 97
10 13 99
10 14 118
10 19 89
10 25 101
10 27 116
10 29 119
10 31 98
10 32 81
10 35 89
10 36 85
10 40 93
10 41 107
10 43 117
10 45 96
10 46 96
10 48 119
10 49 110
10 52 103
10 53 113
10 54 80
10 57 120
10 58 112
10 59 86
10 61 90
10 64 94
10 67 102
10 68 84
10 69 89
10 70 100
10 71 84
10 73 112
10 74 96
10 76 103
10 79 110
10 81 84
10 82 106
10 86 104
10 87 84
10 89 88
10 90 105
10 91 83
10 93 107
10 95 94
10 97 101
10 99 100
11 2 85
11 4 112
11 7 99
11 10 97
11 18 114
11 20 90
11 21 88
11 22 85
11 24 109
11 27 97
11 28 120
11 30 91
11 31 114
11 38 105
11 39 95
11 44 105
11 45 95
11 48 104
11 49 97
11 50 114
11 55 113
11 57 97
11 62 88
11 66 106
11 69 120
11 70 110
11 72 98
11 73 114
11 74 97
11 75 91
11 79 106
11 81 92
11 82 84
11 83 111
11 85 97
11 86 82
11 88 100
11 95 80
11 96 100
11 97 120
11 99 94
12 1 84
12 2 104
12 5 112
12 9 110
12 13 80
12 14 105
12 16 107
12 20 120
12 21 108
12 23 92
12 27 102
12 29 101
12 30 81
12 31 99
12 32 108
12 33 88
12 35 113
12 36 111
12 38 109
12 40 110
12 42 112
12 43 97
12 45 109
12 46 116
12 47 93
12 51 81
12 52 93
12 53 120
12 54 93
12 55 120
12 57 80
12 58 110
12 59 95
12 64 113
12 67 119
12 68 117
12 69 108
12 71 100
12 73 119
12 74 95
12 75 105
12 78 110
12 79 97
12 80 118
12 81 82
12 83 116
12 84 115
12 85 120
12 86 104
12 89 80
12 90 119
12 91 89
12 93 112
12 94 119
12 96 85
12 97 92
12 98 80
13 3 102
13 5 112
13 6 106
13 7 93
13 10 99
13 12 80
13 15 106
13 17 90
13 18 100
13 19 85
13 23 91
13 24 118
13 28 84
13 30 114
13 35 81
13 39 109
13 41 86
13 42 84
13 44 87
13 50 112
13 51 90
13 53 103
13 54 85
13 55 105
13 56 101
13 57 104
13 59 111
13 60 93
13 65 100
13 67 106
13 68 88
13 69 108
13 70 117
13 72 96
13 73 102
13 78 100
13 79 83
13 80 112
13 83 118
13 88 94
13 89 115
13 90 103
13 92 116
13 95 109
13 96 97
13 98 87
13 99 101
14 5 90
14 6 100
14 7 97
14 8 101
14 9 100
14 10 118
14 12 105
14 17 119
14 18 118
14 23 120
14 25 112
14 26 113
14 27 89
14 28 119
14 30 96
14 32 100
14 33 101
14 37 99
14 39 95
14 44 83
14 45 112
14 46 105
14 49 110
14 50 82
14 52 100
14 53 108
14 54 89
14 55 92
14 56 80
14 57 95
14 58 85
14 60 114
14 61 91
14 63 118
14 66 83
14 67 106
14 73 94
14 76 82
14 78 115
14 81 106
14 82 86
14 83 94
14 84 101
14 86 110
14 88 105
14 90 108
14 94 115
14 98 91
14 99 105
15 2 98
15 3 99
15 4 83
15 6 81
15 7 120
15 9 108
15 13 106
15 21 115
15 25 98
15 26 108
15 27 112
15 30 85
15 33 110
15 35 112
15 36 84
15 37 92
15 41 89
15 42 91
15 46 90
15 48 115
15 49 80
15 50 89
15 51 117
15 54 111
15 55 95
15 56 86
15 61 88
15 64 97
15 65 118
15 66 110
15 67 82
15 68 111
15 69 96
15 70 114
15 71 81
15 73 106
15 76 108
15 77 100
15 79 80
15 83 80
15 84 96
15 86 106
15 87 91
15 88 93
15 90 118
15 91 107
15 92 86
15 93 101
15 95 120
15 96 113
16 2 117
16 4 95
16 5 117
16 6 118
16 7 112
16 9 80
16 12 107
16 17 80
16 19 98
16 20 109
16 21 119
16 23 104
16 24 80
16 25 88
16 29 111
16 30 86
16 33 112
16 37 108
16 38 86
16 41 87
16 42 102
16 46 118
16 47 118
16 48 103
16 50 85
16 53 116
16 54 116
16 58 99
16 59 99
16 63 98
16 65 109
16 66 100
16 67 88
16 68 95
16 71 102
16 72 106
16 78 114
16 82 119
16 85 106
16 86 85
16 87 101
16 89 109
16 93 92
16 94 108
16 96 99
16 98 117
17 1 115
17 4 117
17 6 102
17 13 90
17 14 119
17 16 80
17 19 86
17 20 94
17 21 99
17 22 82
17 23 83
17 25 110
17 26 117
17 27 116
17 28 105
17 30 96
17 34 100
17 35 112
17 36 85
17 37 92
17 38 91
17 39 82
17 43 116
17 48 100
17 49 112
17 50 95
17 54 108
17 55 93
17 58 105
17 59 109
17 62 87
17 63 118
17 67 113
17 69 110
17 71 105
17 73 80
17 76 93
17 78 86
17 82 100
17 83 92
17 84 108
17 85 119
17 88 85
17 90 84
17 94 97
17 96 107
18 5 94
18 8 93
18 9 101
18 11 114
18 13 100
18 14 118
18 19 110
18 23 91
18 25 85
18 29 120
18 30 99
18 31 100
18 32 89
18 35 99
18 36 109
18 38 99
18 40 93
18 41 93
18 42 80
18 43 107
18 44 84
18 46 90
18 48 81
18 49 115
18 51 116
18 52 88
18 55 119
18 56 99
18 57 110
18 61 80
18 65 106
18 67 119
18 68 113
18 69 115
18 77 109
18 78 82
18 81 92
18 82 90
18 84 111
18 86 97
18 89 85
18 92 81
18 97 89
18 99 87
19 1 106
19 4 108
19 6 112
19 10 89
19 13 85
19 16 98
19 17 86
19 18 110
19 20 107
19 24 87
19 26 116
19 27 84
19 32 111
19 34 102
19 35 98
19 36 88
19 40 91
19 41 91
19 42 99
19 46 117
19 49 118
19 51 89
19 54 102
19 57 96
19 63 105
19 65 98
19 67 90
19 68 88
19 70 85
19 74 80
19 80 109
19 90 100
19 95 114
19 97 88
19 99 93
20 2 96
20 4 108
20 7 101
20 8 96
20 9 83
20 11 90
20 12 120
20 16 109
20 17 94
20 19 107
20 23 110
20 27 82
20 29 95
20 33 90
20 34 119
20 36 92
20 37 107
20 39 85
20 40 106
20 41 108
20 43 85
20 45 84
20 47 99
20 49 80
20 50 120
20 53 104
20 57 89
20 58 90
20 60 115
20 61 94
20 66 97
20 71 85
20 72 91
20 74 103
20 83 102
20 85 88
20 86 83
20 88 82
20 91 92
20 93 104
20 99 87
21 1 85
21 5 118
21 6 107
21 7 84
21 8 82
21 11 88
21 12 108
21 15 115
21 16 119
21 17 99
21 22 119
21 24 120
21 25 107
21 26 95
21 27 84
21 28 88
21 30 110
21 31 86
21 33 113
21 37 116
21 38 107
21 39 100
21 40 94
21 42 113
21 44 109
21 45 98
21 46 115
21 48 112
21 51 101
21 57 119
21 62 82
21 64 106
21 65 88
21 66 81
21 70 95
21 72 89
21 75 86
21 78 105
21 80 100
21 82 107
21 91 98
21 92 93
21 96 103
22 1 100
22 2 105
22 4 97
22 7 97
22 8 108
22 11 85
22 17 82
22 21 119
22 24 120
22 25 86
22 27 89
22 28 84
22 32 98
22 33 105
22 35 84
22 36 117
22 38 102
22 39 117
22 40 113
22 41 85
22 42 87
22 45 89
22 46 90
22 47 86
22 50 102
22 53 118
22 56 96
22 57 106
22 58 92
22 59 111
22 61 85
22 62 86
22 64 110
22 65 110
22 67 87
22 70 111
22 71 83
22 78 119
22 83 109
22 84 97
22 85 83
22 89 87
22 91 92
22 92 101
22 98 94
22 99 87
23 4 117
23 7 99
23 9 112
23 12 92
23 13 91
23 14 120
23 16 104
23 17 83
23 18 91
23 20 110
23 27 97
23 28 87
23 30 96
23 34 105
23 38 83
23 40 119
23 42 109
23 43 117
23 47 81
23 49 84
23 51 117
23 53 106
23 55 116
23 56 99
23 61 91
23 66 97
23 68 109
23 69 118
23 70 89
23 72 82
23 73 98
23 74 118
23 76 117
23 77 91
23 78 81
23 79 100
23 80 119
23 81 112
23 84 107
23 86 83
23 87 82
23 90 84
23 94 116
23 95 95
23 96 100
23 97 114
23 99 103
24 2 100
24 5 100
24 6 104
24 11 109
24 13 118
24 16 80
24 19 87
24 21 120
24 22 120
24 26 101
24 27 82
24 29 95
24 35 117
24 37 85
24 38 85
24 40 93
24 41 117
24 43 105
24 44 82
24 45 118
24 46 112
24 54 94
24 56 82
24 61 111
24 62 105
24 63 118
24 65 94
24 67 100
24 69 83
24 70 91
24 71 113
24 74 119
24 79 90
24 80 118
24 81 90
24 84 103
24 85 89
24 86 91
24 87 101
24 88 112
24 90 96
24 91 96
24 92 88
24 94 94
24 95 106
24 96 108
24 97 84
24 99 80
25 1 101
25 3 104
25 4 96
25 6 99
25 7 113
25 9 118
25 10 101
25 14 112
25 15 98
25 16 88
25 17 110
25 18 85
25 21 107
25 22 86
25 27 110
25 29 99
25 31 114
25 33 117
25 34 107
25 37 116
25 40 115
25 41 118
25 42 92
25 44 106
25 45 100
25 47 120
25 48 105
25 54 119
25 56 101
25 57 118
25 59 81
25 60 109
25 61 95
25 64 86
25 65 102
25 66 82
25 68 96
25 71 115
25 73 88
25 80 109
25 81 84
25 83 97
25 86 87
25 89 80
25 95 92
25 96 115
25 97 114
25 98 103
26 2 118
26 7 111
26 8 114
26 9 106
26 14 113
26 15 108
26 17 117
26 19 116
26 21 95
26 24 101
26 27 103
26 28 83
26 33 111
26 34 92
26 35 85
26 37 93
26 40 111
26 41 83
26 42 120
26 45 99
26 48 82
26 50 120
26 55 115
26 57 88
26 61 94
26 62 115
26 63 102
26 64 85
26 65 91
26 68 118
26 69 105
26 70 92
26 72 101
26 74 94
26 80 91
26 82 96
26 86 95
26 87 111
26 90 88
26 91 88
26 94 110
26 98 109
26 99 84
27 2 101
27 3 94
27 4 80
27 8 113
27 10 116
27 11 97
27 12 102
27 14 89
27 15 112
27 17 116
27 19 84
27 20 82
27 21 84
27 22 89
27 23 97
27 24 82
27 25 110
27 26 103
27 34 92
27 36 84
27 39 92
27 40 80
27 41 107
27 42 99
27 48 99
27 50 97
27 51 100
27 53 89
27 54 81
27 55 84
27 58 91
27 63 110
27 64 85
27 65 90
27 66 112
27 67 80
27 69 81
27 71 96
27 72 94
27 75 87
27 77 88
27 78 100
27 79 108
27 83 84
27 88 81
27 89 100
27 91 90
27 92 87
27 94 103
27 95 105
27 96 105
27 97 96
27 98 84
27 99 87
28 2 104
28 4 108
28 6 87
28 7 84
28 11 120
28 13 84
28 14 119
28 17 105
28 21 88
28 22 84
28 23 87
28 26 83
28 37 103
28 39 118
28 40 92
28 41 120
28 43 101
28 44 108
28 47 88
28 51 116
28 54 86
28 55 118
28 56 80
28 57 116
28 60 102
28 65 109
28 67 106
28 70 88
28 72 99
28 73 94
28 74 110
28 75 102
28 78 93
28 81 81
28 83 109
28 85 80
28 87 89
28 89 100
28 92 98
28 94 118
28 97 95
28 98 84
28 99 106
29 2 91
29 4 97
29 5 108
29 7 110
29 8 88
29 10 119
29 12 101
29 16 111
29 18 120
29 20 95
29 24 95
29 25 99
29 31 98
29 32 103
29 33 98
29 36 89
29 39 102
29 41 103
29 43 95
29 44 118
29 48 97
29 49 80
29 52 102
29 56 101
29 58 110
29 63 101
29 65 104
29 67 81
29 71 109
29 72 119
29 75 104
29 76 94
29 78 97
29 81 99
29 85 88
29 86 101
29 87 90
29 88 109
29 89 103
29 90 99
29 91 111
29 93 112
29 95 104
29 96 97
30 1 99
30 2 86
30 3 107
30 4 93
30 6 106
30 11 91
30 12 81
30 13 114
30 14 96
30 15 85
30 16 86
30 17 96
30 18 99
30 21 110
30 23 96
30 34 108
30 37 101
30 38 82
30 39 94
30 41 93
30 42 90
30 43 95
30 44 95
30 45 90
30 47 95
30 48 96
30 50 120
30 54 98
30 58 115
30 60 83
30 61 97
30 62 100
30 63 93
30 64 100
30 65 106
30 67 83
30 68 91
30 69 90
30 70 95
30 71 80
30 72 103
30 78 99
30 79 80
30 80 112
30 83 117
30 85 89
30 87 98
30 90 92
30 95 105
30 96 117
30 98 98
31 4 106
31 5 93
31 7 90
31 8 83
31 10 98
31 11 114
31 12 99
31 18 100
31 21 86
31 25 114
31 29 98
31 34 99
31 35 116
31 36 108
31 37 83
31 39 106
31 40 113
31 41 89
31 43 111
31 44 87
31 47 104
31 48 95
31 49 84
31 51 81
31 52 85
31 56 83
31 57 119
31 58 95
31 64 120
31 67 104
31 69 84
31 76 90
31 78 115
31 84 110
31 85 80
31 86 95
31 95 106
31 96 99
31 97 104
31 98 115
31 99 112
32 2 102
32 4 81
32 5 102
32 8 81
32 9 88
32 10 81
32 12 108
32 14 100
32 18 89
32 19 111
32 22 98
32 29 103
32 33 87
32 34 88
32 37 94
32 39 115
32 40 101
32 41 96
32 42 98
32 43 81
32 44 93
32 47 95
32 49 117
32 50 83
32 53 119
32 54 82
32 55 111
32 56 103
32 57 110
32 59 112
32 60 82
32 62 88
32 63 82
32 66 91
32 67 116
32 68 116
32 70 105
32 72 83
32 73 114
32 74 101
32 76 84
32 79 110
32 80 120
32 84 110
32 96 114
32 98 93
33 3 80
33 4 101
33 6 119
33 7 117
33 8 85
33 9 113
33 12 88
33 14 101
33 15 110
33 16 112
33 20 90
33 21 113
33 22 105
33 25 117
33 26 111
33 29 98
33 32 87
33 34 99
33 35 113
33 41 97
33 44 99
33 45 101
33 46 107
33 47 120
33 48 97
33 50 88
33 54 112
33 59 87
33 61 103
33 63 89
33 67 107
33 70 112
33 71 96
33 72 105
33 73 109
33 74 111
33 77 112
33 79 117
33 81 80
33 82 105
33 83 116
33 84 90
33 87 99
33 89 86
33 90 99
33 94 82
33 95 80
33 98 96
33 99 88
34 1 111
34 4 88
34 5 105
34 8 114
34 9 106
34 17 100
34 19 102
34 20 119
34 23 105
34 25 107
34 26 92
34 27 92
34 30 108
34 31 99
34 32 88
34 33 99
34 37 118
34 40 99
34 41 93
34 43 106
34 44 116
34 46 90
34 47 100
34 48 99
34 49 99
34 50 102
34 55 118
34 58 100
34 59 92
34 61 104
34 66 116
34 67 119
34 68 117
34 70 80
34 71 113
34 73 107
34 76 98
34 77 103
34 79 105
34 80 107
34 84 80
34 85 80
34 87 98
34 90 120
34 91 119
34 92 116
34 94 83
34 95 84
34 96 110
34 97 109
34 98 103
35 1 119
35 2 112
35 5 92
35 6 81
35 7 91
35 10 89
35 12 113
35 13 81
35 15 112
35 17 112
35 18 99
35 19 98
35 22 84
35 24 117
35 26 85
35 31 116
35 33 113
35 37 116
35 38 86
35 40 95
35 42 88
35 43 103
35 46 101
35 48 100
35 50 89
35 52 119
35 53 108
35 54 95
35 55 109
35 58 99
35 59 103
35 64 82
35 70 81
35 72 94
35 74 87
35 75 102
35 77 91
35 79 86
35 80 91
35 82 110
35 83 100
35 85 111
35 87 91
35 88 97
35 90 105
35 93 107
35 95 111
35 96 84
35 98 100
36 2 96
36 4 101
36 6 102
36 10 85
36 12 111
36 15 84
36 17 85
36 18 109
36 19 88
36 20 92
36 22 117
36 27 84
36 29 89
36 31 108
36 37 110
36 38 96
36 40 112
36 41 84
36 42 114
36 43 100
36 47 117
36 49 115
36 51 91
36 54 120
36 57 90
36 58 92
36 59 102
36 61 82
36 62 84
36 64 91
36 65 99
36 67 109
36 70 103
36 72 102
36 74 94
36 78 90
36 79 96
36 81 81
36 85 115
36 86 87
36 91 81
36 92 90
36 93 83
36 94 101
36 95 120
36 96 108
36 99 107
37 1 93
37 6 83
37 8 104
37 14 99
37 15 92
37 16 108
37 17 92
37 20 107
37 21 116
37 24 85
37 25 116
37 26 93
37 28 103
37 30 101
37 31 83
37 32 94
37 34 118
37 35 116
37 36 110
37 38 101
37 40 120
37 41 94
37 42 102
37 43 91
37 44 83
37 48 82
37 49 109
37 50 113
37 53 101
37 55 84
37 60 92
37 61 92
37 63 93
37 67 117
37 71 84
37 72 93
37 74 82
37 75 85
37 77 81
37 78 113
37 79 96
37 84 114
37 86 83
37 87 88
37 89 90
37 91 113
37 92 109
37 93 104
37 94 89
37 96 93
37 98 98
38 3 89
38 6 111
38 7 92
38 9 96
38 11 105
38 12 109
38 16 86
38 17 91
38 18 99
38 21 107
38 22 102
38 23 83
38 24 85
38 30 82
38 35 86
38 36 96
38 37 101
38 41 118
38 43 103
38 45 109
38 48 108
38 49 111
38 51 120
38 53 109
38 54 99
38 55 85
38 57 118
38 58 82
38 60 114
38 61 117
38 62 113
38 63 103
38 64 80
38 67 118
38 68 82
38 70 113
38 72 102
38 76 106
38 78 114
38 80 100
38 82 80
38 83 97
38 86 93
38 87 110
38 91 86
38 92 115
38 96 86
38 98 99
38 99 102
39 1 98
39 3 80
39 4 103
39 5 112
39 6 90
39 7 110
39 9 101
39 11 95
39 13 109
39 14 95
39 17 82
39 20 85
39 21 100
39 22 117
39 27 92
39 28 118
39 29 102
39 30 94
39 31 106
39 32 115
39 43 112
39 47 119
39 48 112
39 54 82
39 55 100
39 56 97
39 59 93
39 62 98
39 63 107
39 65 113
39 66 120
39 67 111
39 69 92
39 71 114
39 73 91
39 76 108
39 82 93
39 83 115
39 85 103
39 87 115
39 90 96
39 94 93
39 96 97
39 97 120
39 98 86
39 99 117
40 1 80
40 2 111
40 3 102
40 4 83
40 5 89
40 7 103
40 8 110
40 10 93
40 12 110
40 18 93
40 19 91
40 20 106
40 21 94
40 22 113
40 23 119
40 24 93
40 25 115
40 26 111
40 27 80
40 28 92
40 31 113
40 32 101
40 34 99
40 35 95
40 36 112
40 37 120
40 41 84
40 43 97
40 44 117
40 46 112
40 47 108
40 49 107
40 50 104
40 53 95
40 54 100
40 57 103
40 61 114
40 62 108
40 65 96
40 66 85
40 68 100
40 70 81
40 71 108
40 74 99
40 75 97
40 77 93
40 81 114
40 83 109
40 93 80
40 94 96
40 97 119
41 3 114
41 4 83
41 7 113
41 10 107
41 13 86
41 15 89
41 16 87
41 18 93
41 19 91
41 20 108
41 22 85
41 24 117
41 25 118
41 26 83
41 27 107
41 28 120
41 29 103
41 30 93
41 31 89
41 32 96
41 33 97
41 34 93
41 36 84
41 37 94
41 38 118
41 40 84
41 43 92
41 44 81
41 46 108
41 47 102
41 48 97
41 53 107
41 55 119
41 56 120
41 58 104
41 61 104
41 65 92
41 67 114
41 70 101
41 71 87
41 73 114
41 76 102
41 77 83
41 80 116
41 82 96
41 86 90
41 87 116
41 91 84
41 94 85
41 95 106
41 96 84
41 97 80
41 98 92
42 2 117
42 3 112
42 4 95
42 7 92
42 12 112
42 13 84
42 15 91
42 16 102
42 18 80
42 19 99
42 21 113
42 22 87
42 23 109
42 25 92
42 26 120
42 27 99
42 30 90
42 32 98
42 35 88
42 36 114
42 37 102
42 44 113
42 45 97
42 47 91
42 48 97
42 52 119
42 53 89
42 55 95
42 56 97
42 57 119
42 58 99
42 60 81
42 61 102
42 62 105
42 63 115
42 64 87
42 65 97
42 67 106
42 68 101
42 69 89
42 71 111
42 73 96
42 74 112
42 76 114
42 81 100
42 83 86
42 84 92
42 85 81
42 89 103
42 91 102
42 93 107
42 94 89
42 98 91
43 6 80
43 9 89
43 10 117
43 12 97
43 17 116
43 18 107
43 20 85
43 23 117
43 24 105
43 28 101
43 29 95
43 30 95
43 31 111
43 32 81
43 34 106
43 35 103
43 36 100
43 37 91
43 38 103
43 39 112
43 40 97
43 41 92
43 45 89
43 48 92
43 52 98
43 59 90
43 60 98
43 63 96
43 66 104
43 68 105
43 69 88
43 70 105
43 72 85
43 76 96
43 79 105
43 81 91
43 83 117
43 84 100
43 86 90
43 87 80
43 89 117
43 93 80
43 95 106
43 96 91
44 1 105
44 2 112
44 5 94
44 11 105
44 13 87
44 14 83
44 18 84
44 21 109
44 24 82
44 25 106
44 28 108
44 29 118
44 30 95
44 31 87
44 32 93
44 33 99
44 34 116
44 37 83
44 40 117
44 41 81
44 42 113
44 47 108
44 49 95
44 50 116
44 53 82
44 54 90
44 55 105
44 56 103
44 61 85
44 64 112
44 66 100
44 71 101
44 72 115
44 75 103
44 76 112
44 79 88
44 81 89
44 83 97
44 84 106
44 85 115
44 88 81
44 89 94
44 90 101
44 92 83
44 93 96
44 96 91
44 97 91
44 98 100
45 1 93
45 2 108
45 3 120
45 5 99
45 6 106
45 7 103
45 9 101
45 10 96
45 11 95
45 12 109
45 14 112
45 20 84
45 21 98
45 22 89
45 24 118
45 25 100
45 26 99
45 30 90
45 33 101
45 38 109
45 42 97
45 43 89
45 47 115
45 48 104
45 49 100
45 51 84
45 53 119
45 55 87
45 60 113
45 61 87
45 63 109
45 64 113
45 65 96
45 68 118
45 69 91
45 70 99
45 71 97
45 73 114
45 77 109
45 79 107
45 81 85
45 84 80
45 85 97
45 87 95
45 92 109
45 93 104
45 95 117
45 96 94
45 97 119
45 98 117
46 1 108
46 4 99
46 6 112
46 7 117
46 8 106
46 9 112
46 10 96
46 12 116
46 14 105
46 15 90
46 16 118
46 18 90
46 19 117
46 21 115
46 22 90
46 24 112
46 33 107
46 34 90
46 35 101
46 40 112
46 41 108
46 48 88
46 51 110
46 54 110
46 55 80
46 56 81
46 58 87
46 61 81
46 63 108
46 64 98
46 65 89
46 67 97
46 68 84
46 69 84
46 71 85
46 76 101
46 77 119
46 78 89
46 81 81
46 83 98
46 87 88
46 88 104
46 90 111
46 91 97
46 92 97
46 95 108
46 96 118
46 98 106
47 1 104
47 4 82
47 7 112
47 12 93
47 16 118
47 20 99
47 22 86
47 23 81
47 25 120
47 28 88
47 30 95
47 31 104
47 32 95
47 33 120
47 34 100
47 36 117
47 39 119
47 40 108
47 41 102
47 42 91
47 44 108
47 45 115
47 49 89
47 50 94
47 51 117
47 52 100
47 53 114
47 54 100
47 57 110
47 58 102
47 62 115
47 63 87
47 64 95
47 66 103
47 68 101
47 69 113
47 71 106
47 72 113
47 73 120
47 75 84
47 76 86
47 80 108
47 83 87
47 85 114
47 86 106
47 87 107
47 88 104
47 90 120
47 92 100
47 93 109
47 95 80
47 96 108
47 97 83
47 99 99
48 1 85
48 6 116
48 9 103
48 10 119
48 11 104
48 15 115
48 16 103
48 17 100
48 18 81
48 21 112
48 25 105
48 26 82
48 27 99
48 29 97
48 30 96
48 31 95
48 33 97
48 34 99
48 35 100
48 37 82
48 38 108
48 39 112
48 41 97
48 42 97
48 43 92
48 45 104
48 46 88
48 51 110
48 53 110
48 58 108
48 63 110
48 67 99
48 68 92
48 71 91
48 72 95
48 75 80
48 76 80
48 78 84
48 79 82
48 81 85
48 83 101
48 86 90
48 87 85
48 89 85
48 91 120
48 92 104
48 97 93
48 98 113
48 99 105
49 1 111
49 5 105
49 6 96
49 7 99
49 9 83
49 10 110
49 11 97
49 14 110
49 15 80
49 17 112
49 18 115
49 19 118
49 20 80
49 23 84
49 29 80
49 31 84
49 32 117
49 34 99
49 36 115
49 37 109
49 38 111
49 40 107
49 44 95
49 45 100
49 47 89
49 50 86
49 54 112
49 60 106
49 63 120
49 65 117
49 67 86
49 69 115
49 71 112
49 75 101
49 76 84
49 77 81
49 79 114
49 80 88
49 81 92
49 83 87
49 84 102
49 86 106
49 88 83
49 89 91
49 91 118
49 92 114
49 94 84
49 96 117
49 97 97
50 3 118
50 5 117
50 7 113
50 9 101
50 11 114
50 13 112
50 14 82
50 15 89
50 16 85
50 17 95
50 20 120
50 22 102
50 26 120
50 27 97
50 30 120
50 32 83
50 33 88
50 34 102
50 35 89
50 37 113
50 40 104
50 44 116
50 47 94
50 49 86
50 51 110
50 56 117
50 60 117
50 61 120
50 64 84
50 66 100
50 67 110
50 68 103
50 69 104
50 71 84
50 76 82
50 78 88
50 79 103
50 80 88
50 81 116
50 82 110
50 83 100
50 84 117
50 88 110
50 90 80
50 92 90
50 94 88
50 96 83
50 99 86
51 1 109
51 2 99
51 3 85
51 7 104
51 8 90
51 12 81
51 13 90
51 15 117
51 18 116
51 19 89
51 21 101
51 23 117
51 27 100
51 28 116
51 31 81
51 36 91
51 38 120
51 45 84
51 46 110
51 47 117
51 48 110
51 50 110
51 52 96
51 54 117
51 56 105
51 58 117
51 61 107
51 62 103
51 63 96
51 64 90
51 68 105
51 69 87
51 72 108
51 73 101
51 77 87
51 78 116
51 79 94
51 81 116
51 82 98
51 83 119
51 87 98
51 91 114
51 92 95
51 93 109
51 95 107
51 96 81
51 97 110
51 98 90
51 99 116
52 1 85
52 2 96
52 4 87
52 5 101
52 6 117
52 9 81
52 10 103
52 12 93
52 14 100
52 18 88
52 29 102
52 31 85
52 35 119
52 42 119
52 43 98
52 47 100
52 51 96
52 56 84
52 58 107
52 59 88
52 60 109
52 61 108
52 64 87
52 66 88
52 68 101
52 71 90
52 73 98
52 74 85
52 76 93
52 77 91
52 79 112
52 82 110
52 84 99
52 88 102
52 89 91
52 90 109
52 92 87
52 93 98
52 97 111
52 99 92
53 7 84
53 8 103
53 9 103
53 10 113
53 12 120
53 13 103
53 14 108
53 16 116
53 20 104
53 22 118
53 23 106
53 27 89
53 32 119
53 35 108
53 37 101
53 38 109
53 40 95
53 41 107
53 42 89
53 44 82
53 45 119
53 47 114
53 48 110
53 54 86
53 55 100
53 56 93
53 59 116
53 64 82
53 65 102
53 67 117
53 71 107
53 72 105
53 74 105
53 77 88
53 79 87
53 82 98
53 83 89
53 85 120
53 87 100
53 90 94
53 91 118
53 94 95
53 95 113
53 97 94
53 98 119
54 2 117
54 6 113
54 9 82
54 10 80
54 12 93
54 13 85
54 14 89
54 15 111
54 16 116
54 17 108
54 19 102
54 24 94
54 25 119
54 27 81
54 28 86
54 30 98
54 32 82
54 33 112
54 35 95
54 36 120
54 38 99
54 39 82
54 40 100
54 44 90
54 46 110
54 47 100
54 49 112
54 51 117
54 53 86
54 55 114
54 62 84
54 65 120
54 66 115
54 67 96
54 68 103
54 72 85
54 74 92
54 77 99
54 78 108
54 79 98
54 80 116
54 81 94
54 82 104
54 85 103
54 87 96
54 88 102
54 92 84
54 93 102
54 95 83
54 96 117
54 98 83
55 2 99
55 4 115
55 5 92
55 6 110
55 7 80
55 9 92
55 11 113
55 12 120
55 13 105
55 14 92
55 15 95
55 17 93
55 18 119
55 23 116
55 26 115
55 27 84
55 28 118
55 32 111
55 34 118
55 35 109
55 37 84
55 38 85
55 39 100
55 41 119
55 42 95
55 44 105
55 45 87
55 46 80
55 53 100
55 54 114
55 56 81
55 58 111
55 59 87
55 60 105
55 61 112
55 62 112
55 63 87
55 64 101
55 65 109
55 67 89
55 68 101
55 72 81
55 73 106
55 74 86
55 81 96
55 82 102
55 83 92
55 85 87
55 86 80
55 87 87
55 95 89
55 97 96
55 98 84
55 99 80
56 3 109
56 4 91
56 6 100
56 9 103
56 13 101
56 14 80
56 15 86
56 18 99
56 22 96
56 23 99
56 24 82
56 25 101
56 28 80
56 29 101
56 31 83
56 32 103
56 39 97
56 41 120
56 42 97
56 44 103
56 46 81
56 50 117
56 51 105
56 52 84
56 53 93
56 55 81
56 58 115
56 59 87
56 62 120
56 67 89
56 69 119
56 71 119
56 72 118
56 75 84
56 76 103
56 78 101
56 79 93
56 81 88
56 83 102
56 84 82
56 85 103
56 86 102
56 87 84
56 89 117
56 90 92
56 91 103
56 92 94
56 93 115
56 94 80
56 95 94
56 96 81
56 98 114
56 99 84
57 7 88
57 8 120
57 9 108
57 10 120
57 11 97
57 12 80
57 13 104
57 14 95
57 18 110
57 19 96
57 20 89
57 21 119
57 22 106
57 25 118
57 26 88
57 28 116
57 31 119
57 32 110
57 36 90
57 38 118
57 40 103
57 42 119
57 47 110
57 61 93
57 62 102
57 65 109
57 66 82
57 68 81
57 69 116
57 71 83
57 72 90
57 75 111
57 76 103
57 78 116
57 80 93
57 81 90
57 82 89
57 83 96
57 85 97
57 91 107
57 92 118
57 95 117
57 98 81
58 2 97
58 9 107
58 10 112
58 12 110
58 14 85
58 16 99
58 17 105
58 20 90
58 22 92
58 27 91
58 29 110
58 30 115
58 31 95
58 34 100
58 35 99
58 36 92
58 38 82
58 41 104
58 42 99
58 46 87
58 47 102
58 48 108
58 51 117
58 52 107
58 55 111
58 56 115
58 59 101
58 66 117
58 68 109
58 72 91
58 73 118
58 75 104
58 76 94
58 77 111
58 84 90
58 86 90
58 87 93
58 88 112
58 89 99
58 91 105
58 93 89
58 96 110
58 98 110
58 99 107
59 1 115
59 6 106
59 8 113
59 10 86
59 12 95
59 13 111
59 16 99
59 17 109
59 22 111
59 25 81
59 32 112
59 33 87
59 34 92
59 35 103
59 36 102
59 39 93
59 43 90
59 52 88
59 53 116
59 55 87
59 56 87
59 58 101
59 60 118
59 61 117
59 63 101
59 67 102
59 69 96
59 72 90
59 74 83
59 75 99
59 77 118
59 78 82
59 80 85
59 83 80
59 84 94
59 86 83
59 87 117
59 91 103
59 93 98
59 97 100
59 98 87
60 2 118
60 3 115
60 8 112
60 9 107
60 13 93
60 14 114
60 20 115
60 25 109
60 28 102
60 30 83
60 32 82
60 37 92
60 38 114
60 42 81
60 43 98
60 45 113
60 49 106
60 50 117
60 52 109
60 55 105
60 59 118
60 63 81
60 64 119
60 65 97
60 67 80
60 68 82
60 70 110
60 71 115
60 73 90
60 75 81
60 76 110
60 77 88
60 78 92
60 84 80
60 85 86
60 86 80
60 88 120
60 89 98
60 91 90
60 93 111
60 94 101
60 97 81
60 98 92
61 1 90
61 3 104
61 7 106
61 9 84
61 10 90
61 14 91
61 15 88
61 18 80
61 20 94
61 22 85
61 23 91
61 24 111
61 25 95
61 26 94
61 30 97
61 33 103
61 34 104
61 36 82
61 37 92
61 38 117
61 40 114
61 41 104
61 42 102
61 44 85
61 45 87
61 46 81
61 50 120
61 51 107
61 52 108
61 55 112
61 57 93
61 59 117
61 63 97
61 65 111
61 68 85
61 70 88
61 74 116
61 78 112
61 79 109
61 80 120
61 81 98
61 83 92
61 85 96
61 89 81
61 90 102
61 92 101
61 94 102
61 98 101
62 3 95
62 4 97
62 8 89
62 9 91
62 11 88
62 17 87
62 21 82
62 22 86
62 24 105
62 26 115
62 30 100
62 32 88
62 36 84
62 38 113
62 39 98
62 40 108
62 42 105
62 47 115
62 51 103
62 54 84
62 55 112
62 56 120
62 57 102
62 63 107
62 73 101
62 74 84
62 77 80
62 78 95
62 80 96
62 84 93
62 86 100
62 87 93
62 90 114
62 92 99
62 94 113
62 96 98
62 99 80
63 1 84
63 2 94
63 14 118
63 16 98
63 17 118
63 19 105
63 24 118
63 26 102
63 27 110
63 29 101
63 30 93
63 32 82
63 33 89
63 37 93
63 38 103
63 39 107
63 42 115
63 43 96
63 45 109
63 46 108
63 47 87
63 48 110
63 49 120
63 51 96
63 55 87
63 59 101
63 60 81
63 61 97
63 62 107
63 65 100
63 66 96
63 67 111
63 72 111
63 73 115
63 75 110
63 78 81
63 81 111
63 84 93
63 86 94
63 87 99
63 90 102
63 91 119
63 94 85
63 96 115
63 99 103
64 1 88
64 2 97
64 3 96
64 5 107
64 6 119
64 7 86
64 10 94
64 12 113
64 15 97
64 21 106
64 22 110
64 25 86
64 26 85
64 27 85
64 30 100
64 31 120
64 35 82
64 36 91
64 38 80
64 42 87
64 44 112
64 45 113
64 46 98
64 47 95
64 50 84
64 51 90
64 52 87
64 53 82
64 55 101
64 60 119
64 65 83
64 67 96
64 69 103
64 72 115
64 73 115
64 75 95
64 76 102
64 78 94
64 79 116
64 81 112
64 85 83
64 86 95
64 89 114
64 90 114
64 91 83
64 93 87
64 94 89
64 95 85
64 98 112
65 1 105
65 3 84
65 6 102
65 8 112
65 9 114
65 13 100
65 15 118
65 16 109
65 18 106
65 19 98
65 21 88
65 22 110
65 24 94
65 25 102
65 26 91
65 27 90
65 28 109
65 29 104
65 30 106
65 36 99
65 39 113
65 40 96
65 41 92
65 42 97
65 45 96
65 46 89
65 49 117
65 53 102
65 54 120
65 55 109
65 57 109
65 60 97
65 61 111
65 63 100
65 64 83
65 67 90
65 68 99
65 69 89
65 70 103
65 71 107
65 72 106
65 73 100
65 76 101
65 77 114
65 78 115
65 80 93
65 82 108
65 88 98
65 89 95
65 91 92
65 93 98
65 96 110
66 2 99
66 3 80
66 4 106
66 5 119
66 7 114
66 11 106
66 14 83
66 15 110
66 16 100
66 20 97
66 21 81
66 23 97
66 25 82
66 27 112
66 32 91
66 34 116
66 39 120
66 40 85
66 43 104
66 44 100
66 47 103
66 50 100
66 52 88
66 54 115
66 57 82
66 58 117
66 63 96
66 67 108
66 69 85
66 73 114
66 74 87
66 77 106
66 81 112
66 83 109
66 86 102
66 90 95
66 91 100
66 95 117
66 99 98
67 1 86
67 3 94
67 8 89
67 9 101
67 10 102
67 12 119
67 13 106
67 14 106
67 15 82
67 16 88
67 17 113
67 18 119
67 19 90
67 22 87
67 24 100
67 27 80
67 28 106
67 29 81
67 30 83
67 31 104
67 32 116
67 33 107
67 34 119
67 36 109
67 37 117
67 38 118
67 39 111
67 41 114
67 42 106
67 46 97
67 48 99
67 49 86
67 50 110
67 53 117
67 54 96
67 55 89
67 56 89
67 59 102
67 60 80
67 63 111
67 64 96
67 65 90
67 66 108
67 68 115
67 69 97
67 70 80
67 71 89
67 72 116
67 74 100
67 76 117
67 77 86
67 78 105
67 82 118
67 84 115
67 85 83
67 86 82
67 91 87
67 92 117
67 93 81
67 94 94
67 98 83
67 99 116
68 2 106
68 5 98
68 6 101
68 7 117
68 10 84
68 12 117
68 13 88
68 15 111
68 16 95
68 18 113
68 19 88
68 23 109
68 25 96
68 26 118
68 30 91
68 32 116
68 34 117
68 38 82
68 40 100
68 42 101
68 43 105
68 45 118
68 46 84
68 47 101
68 48 92
68 50 103
68 51 105
68 52 101
68 54 103
68 55 101
68 57 81
68 58 109
68 60 82
68 61 85
68 65 99
68 67 115
68 69 100
68 73 88
68 75 111
68 77 118
68 79 91
68 80 116
68 85 94
68 90 88
68 94 106
68 98 98
68 99 87
69 1 107
69 2 104
69 4 118
69 6 120
69 8 88
69 9 107
69 10 89
69 11 120
69 12 108
69 13 108
69 15 96
69 17 110
69 18 115
69 23 118
69 24 83
69 26 105
69 27 81
69 30 90
69 31 84
69 39 92
69 42 89
69 43 88
69 45 91
69 46 84
69 47 113
69 49 115
69 50 104
69 51 87
69 56 119
69 57 116
69 59 96
69 64 103
69 65 89
69 66 85
69 67 97
69 68 100
69 70 110
69 72 104
69 73 117
69 76 108
69 77 112
69 78 89
69 80 93
69 83 120
69 85 81
69 87 80
69 90 83
69 91 82
69 93 84
69 95 92
69 96 84
69 97 120
69 98 111
70 2 91
70 3 107
70 4 90
70 6 117
70 7 109
70 8 110
70 10 100
70 11 110
70 13 117
70 15 114
70 19 85
70 21 95
70 22 111
70 23 89
70 24 91
70 26 92
70 28 88
70 30 95
70 32 105
70 33 112
70 34 80
70 35 81
70 36 103
70 38 113
70 40 81
70 41 101
70 43 105
70 45 99
70 60 110
70 61 88
70 65 103
70 67 80
70 69 110
70 72 100
70 73 103
70 77 111
70 78 102
70 79 117
70 81 84
70 89 94
70 90 105
70 91 85
70 94 116
70 96 109
70 99 98
71 2 90
71 3 97
71 4 111
71 5 89
71 6 84
71 7 86
71 9 104
71 10 84
71 12 100
71 15 81
71 16 102
71 17 105
71 20 85
71 22 83
71 24 113
71 25 115
71 27 96
71 29 109
71 30 80
71 33 96
71 34 113
71 37 84
71 39 114
71 40 108
71 41 87
71 42 111
71 44 101
71 45 97
71 46 85
71 47 106
71 48 91
71 49 112
71 50 84
71 52 90
71 53 107
71 56 119
71 57 83
71 60 115
71 65 107
71 67 89
71 75 92
71 78 116
71 84 96
71 85 113
71 88 103
71 90 108
71 92 99
71 94 93
71 95 80
71 97 102
71 99 94
72 1 112
72 2 84
72 4 106
72 8 101
72 9 111
72 11 98
72 13 96
72 16 106
72 20 91
72 21 89
72 23 82
72 26 101
72 27 94
72 28 99
72 29 119
72 30 103
72 32 83
72 33 105
72 35 94
72 36 102
72 37 93
72 38 102
72 43 85
72 44 115
72 47 113
72 48 95
72 51 108
72 53 105
72 54 85
72 55 81
72 56 118
72 57 90
72 58 91
72 59 90
72 63 111
72 64 115
72 65 106
72 67 116
72 69 104
72 70 100
72 73 80
72 78 116
72 80 94
72 84 94
72 89 114
72 94 82
72 95 84
72 96 100
72 99 92
73 1 88
73 3 120
73 4 81
73 5 103
73 6 120
73 7 101
73 8 88
73 9 87
73 10 112
73 11 114
73 12 119
73 13 102
73 14 94
73 15 106
73 17 80
73 23 98
73 25 88
73 28 94
73 32 114
73 33 109
73 34 107
73 39 91
73 41 114
73 42 96
73 45 114
73 47 120
73 51 101
73 52 98
73 55 106
73 58 118
73 60 90
73 62 101
73 63 115
73 64 115
73 65 100
73 66 114
73 68 88
73 69 117
73 70 103
73 72 80
73 74 97
73 76 91
73 78 84
73 80 98
73 81 116
73 82 120
73 85 106
73 86 85
73 89 114
73 90 86
73 91 94
73 94 107
73 97 111
74 1 96
74 6 117
74 8 96
74 10 96
74 11 97
74 12 95
74 19 80
74 20 103
74 23 118
74 24 119
74 26 94
74 28 110
74 32 101
74 33 111
74 35 87
74 36 94
74 37 82
74 40 99
74 42 112
74 52 85
74 53 105
74 54 92
74 55 86
74 59 83
74 61 116
74 62 84
74 66 87
74 67 100
74 73 97
74 75 110
74 76 85
74 77 99
74 80 116
74 82 102
74 83 112
74 85 85
74 88 116
74 90 99
74 91 105
74 92 116
74 93 95
74 97 99
75 2 93
75 4 81
75 7 105
75 9 103
75 11 91
75 12 105
75 21 86
75 27 87
75 28 102
75 29 104
75 35 102
75 37 85
75 40 97
75 44 103
75 47 84
75 48 80
75 49 101
75 56 84
75 57 111
75 58 104
75 59 99
75 60 81
75 63 110
75 64 95
75 68 111
75 71 92
75 74 110
75 76 91
75 78 83
75 79 84
75 80 84
75 82 112
75 85 115
75 86 116
75 90 113
75 92 84
75 93 100
75 94 105
75 95 100
76 2 112
76 5 97
76 6 80
76 7 100
76 8 113
76 9 104
76 10 103
76 14 82
76 15 108
76 17 93
76 23 117
76 29 94
76 31 90
76 32 84
76 34 98
76 38 106
76 39 108
76 41 102
76 42 114
76 43 96
76 44 112
76 46 101
76 47 86
76 48 80
76 49 84
76 50 82
76 52 93
76 56 103
76 57 103
76 58 94
76 60 110
76 64 102
76 65 101
76 67 117
76 69 108
76 73 91
76 74 85
76 75 91
76 77 97
76 78 91
76 79 91
76 83 102
76 87 113
76 88 106
76 89 82
76 94 115
76 95 112
76 97 89
76 99 91
77 1 105
77 3 95
77 15 100
77 18 109
77 23 91
77 27 88
77 33 112
77 34 103
77 35 91
77 37 81
77 40 93
77 41 83
77 45 109
77 46 119
77 49 81
77 51 87
77 52 91
77 53 88
77 54 99
77 58 111
77 59 118
77 60 88
77 62 80
77 65 114
77 66 106
77 67 86
77 68 118
77 69 112
77 70 111
77 74 99
77 76 97
77 78 115
77 80 80
77 83 91
77 84 120
77 85 91
77 87 84
77 89 85
77 90 113
77 92 92
77 95 111
78 1 110
78 5 88
78 12 110
78 13 100
78 14 115
78 16 114
78 17 86
78 18 82
78 21 105
78 22 119
78 23 81
78 27 100
78 28 93
78 29 97
78 30 99
78 31 115
78 36 90
78 37 113
78 38 114
78 46 89
78 48 84
78 50 88
78 51 116
78 54 108
78 56 101
78 57 116
78 59 82
78 60 92
78 61 112
78 62 95
78 63 81
78 64 94
78 65 115
78 67 105
78 69 89
78 70 102
78 71 116
78 72 116
78 73 84
78 75 83
78 76 91
78 77 115
78 81 117
78 84 111
78 85 88
78 86 100
78 87 82
78 89 98
78 92 114
78 93 113
78 95 111
78 96 81
78 97 87
79 2 104
79 3 88
79 8 80
79 10 110
79 11 106
79 12 97
79 13 83
79 15 80
79 23 100
79 24 90
79 27 108
79 30 80
79 32 110
79 33 117
79 34 105
79 35 86
79 36 96
79 37 96
79 43 105
79 44 88
79 45 107
79 48 82
79 49 114
79 50 103
79 51 94
79 52 112
79 53 87
79 54 98
79 56 93
79 61 109
79 64 116
79 68 91
79 70 117
79 75 84
79 76 91
79 82 107
79 85 109
79 89 95
79 90 103
79 91 102
79 92 82
79 93 96
79 94 115
79 96 116
79 98 82
80 1 85
80 4 100
80 6 112
80 8 83
80 12 118
80 13 112
80 19 109
80 21 100
80 23 119
80 24 118
80 25 109
80 26 91
80 30 112
80 32 120
80 34 107
80 35 91
80 38 100
80 41 116
80 47 108
80 49 88
80 50 88
80 54 116
80 57 93
80 59 85
80 61 120
80 62 96
80 65 93
80 68 116
80 69 93
80 72 94
80 73 98
80 74 116
80 75 84
80 77 80
80 81 112
80 82 98
80 84 119
80 88 101
80 89 80
80 90 104
80 91 111
80 92 97
80 93 91
80 94 90
80 95 94
80 96 97
81 2 100
81 5 98
81 7 120
81 8 111
81 10 84
81 11 92
81 12 82
81 14 106
81 18 92
81 23 112
81 24 90
81 25 84
81 28 81
81 29 99
81 33 80
81 36 81
81 40 114
81 42 100
81 43 91
81 44 89
81 45 85
81 46 81
81 48 85
81 49 92
81 50 116
81 51 116
81 54 94
81 55 96
81 56 88
81 57 90
81 61 98
81 63 111
81 64 112
81 66 112
81 70 84
81 73 116
81 78 117
81 80 112
81 82 105
81 85 115
81 88 101
81 89 108
81 91 85
81 92 80
81 97 101
81 99 97
82 1 114
82 2 90
82 4 80
82 8 107
82 9 90
82 10 106
82 11 84
82 14 86
82 16 119
82 17 100
82 18 90
82 21 107
82 26 96
82 33 105
82 35 110
82 38 80
82 39 93
82 41 96
82 50 110
82 51 98
82 52 110
82 53 98
82 54 104
82 55 102
82 57 89
82 65 108
82 67 118
82 73 120
82 74 102
82 75 112
82 79 107
82 80 98
82 81 105
82 84 99
82 87 84
82 92 97
82 96 107
82 97 93
82 99 113
83 1 98
83 3 83
83 4 90
83 8 82
83 9 82
83 11 111
83 12 116
83 13 118
83 14 94
83 15 80
83 17 92
83 20 102
83 22 109
83 25 97
83 27 84
83 28 109
83 30 117
83 33 116
83 35 100
83 38 97
83 39 115
83 40 109
83 42 86
83 43 117
83 44 97
83 46 98
83 47 87
83 48 101
83 49 87
83 50 100
83 51 119
83 53 89
83 55 92
83 56 102
83 57 96
83 59 80
83 61 92
83 66 109
83 69 120
83 74 112
83 76 102
83 77 91
83 86 86
83 87 93
83 90 92
83 91 85
83 92 120
83 93 94
83 94 86
83 96 95
83 97 102
83 98 111
84 8 84
84 9 110
84 12 115
84 14 101
84 15 96
84 17 108
84 18 111
84 22 97
84 23 107
84 24 103
84 31 110
84 32 110
84 33 90
84 34 80
84 37 114
84 42 92
84 43 100
84 44 106
84 45 80
84 49 102
84 50 117
84 52 99
84 56 82
84 58 90
84 59 94
84 60 80
84 62 93
84 63 93
84 67 115
84 71 96
84 72 94
84 77 120
84 78 111
84 80 119
84 82 99
84 85 88
84 86 102
84 88 81
84 90 93
84 91 101
84 92 98
84 93 115
84 98 97
84 99 98
85 6 108
85 11 97
85 12 120
85 16 106
85 17 119
85 20 88
85 22 83
85 24 89
85 28 80
85 29 88
85 30 89
85 31 80
85 34 80
85 35 111
85 36 115
85 39 103
85 42 81
85 44 115
85 45 97
85 47 114
85 53 120
85 54 103
85 55 87
85 56 103
85 57 97
85 60 86
85 61 96
85 64 83
85 67 83
85 68 94
85 69 81
85 71 113
85 73 106
85 74 85
85 75 115
85 77 91
85 78 88
85 79 109
85 81 115
85 84 88
85 86 115
85 91 119
85 93 98
85 95 120
85 96 107
85 97 95
85 99 114
86 2 84
86 5 81
86 7 100
86 9 119
86 10 104
86 11 82
86 12 104
86 14 110
86 15 106
86 16 85
86 18 97
86 20 83
86 23 83
86 24 91
86 25 87
86 26 95
86 29 101
86 31 95
86 36 87
86 37 83
86 38 93
86 41 90
86 43 90
86 47 106
86 48 90
86 49 106
86 55 80
86 56 102
86 58 90
86 59 83
86 60 80
86 62 100
86 63 94
86 64 95
86 66 102
86 67 82
86 73 85
86 75 116
86 78 100
86 83 86
86 84 102
86 85 115
86 91 98
86 93 81
86 97 118
87 1 91
87 2 89
87 5 112
87 7 106
87 8 101
87 9 119
87 10 84
87 15 91
87 16 101
87 23 82
87 24 101
87 26 111
87 28 89
87 29 90
87 30 98
87 33 99
87 34 98
87 35 91
87 37 88
87 38 110
87 39 115
87 41 116
87 43 80
87 45 95
87 46 88
87 47 107
87 48 85
87 51 98
87 53 100
87 54 96
87 55 87
87 56 84
87 58 93
87 59 117
87 62 93
87 63 99
87 69 80
87 76 113
87 77 84
87 78 82
87 82 84
87 83 93
87 88 93
87 89 119
87 93 82
87 99 106
88 2 96
88 3 114
88 4 103
88 5 104
88 6 96
88 8 92
88 9 115
88 11 100
88 13 94
88 14 105
88 15 93
88 17 85
88 20 82
88 24 112
88 27 81
88 29 109
88 35 97
88 44 81
88 46 104
88 47 104
88 49 83
88 50 110
88 52 102
88 54 102
88 58 112
88 60 120
88 65 98
88 71 103
88 74 116
88 76 106
88 80 101
88 81 101
88 84 81
88 87 93
88 89 94
88 91 96
88 95 119
88 96 88
88 97 105
88 98 105
89 1 106
89 2 110
89 4 86
89 9 80
89 10 88
89 12 80
89 13 115
89 16 109
89 18 85
89 22 87
89 25 80
89 27 100
89 28 100
89 29 103
89 33 86
89 37 90
89 42 103
89 43 117
89 44 94
89 48 85
89 49 91
89 52 91
89 56 117
89 58 99
89 60 98
89 61 81
89 64 114
89 65 95
89 70 94
89 72 114
89 73 114
89 76 82
89 77 85
89 78 98
89 79 95
89 80 80
89 81 108
89 87 119
89 88 94
89 91 113
89 92 85
89 95 113
89 96 112
89 98 88
89 99 119
90 2 105
90 3 82
90 5 97
90 8 97
90 9 87
90 10 105
90 12 119
90 13 103
90 14 108
90 15 118
90 17 84
90 19 100
90 23 84
90 24 96
90 26 88
90 29 99
90 30 92
90 33 99
90 34 120
90 35 105
90 39 96
90 44 101
90 46 111
90 47 120
90 50 80
90 52 109
90 53 94
90 56 92
90 61 102
90 62 114
90 63 102
90 64 114
90 66 95
90 68 88
90 69 83
90 70 105
90 71 108
90 73 86
90 74 99
90 75 113
90 77 113
90 79 103
90 80 104
90 83 92
90 84 93
90 94 101
91 3 94
91 8 110
91 9 92
91 10 83
91 12 89
91 15 107
91 20 92
91 21 98
91 22 92
91 24 96
91 26 88
91 27 90
91 29 111
91 34 119
91 36 81
91 37 113
91 38 86
91 41 84
91 42 102
91 46 97
91 48 120
91 49 118
91 51 114
91 53 118
91 56 103
91 57 107
91 58 105
91 59 103
91 60 90
91 63 119
91 64 83
91 65 92
91 66 100
91 67 87
91 69 82
91 70 85
91 73 94
91 74 105
91 79 102
91 80 111
91 81 85
91 83 85
91 84 101
91 85 119
91 86 98
91 88 96
91 89 113
91 92 99
91 94 92
91 96 87
91 98 85
91 99 105
92 1 112
92 2 112
92 8 105
92 9 89
92 13 116
92 15 86
92 18 81
92 21 93
92 22 101
92 24 88
92 27 87
92 28 98
92 34 116
92 36 90
92 37 109
92 38 115
92 44 83
92 45 109
92 46 97
92 47 100
92 48 104
92 49 114
92 50 90
92 51 95
92 52 87
92 54 84
92 56 94
92 57 118
92 61 101
92 62 99
92 67 117
92 71 99
92 74 116
92 75 84
92 77 92
92 78 114
92 79 82
92 80 97
92 81 80
92 82 97
92 83 120
92 84 98
92 89 85
92 91 99
92 93 81
92 94 105
92 95 83
92 97 104
92 99 90
93 2 94
93 3 80
93 10 107
93 12 112
93 15 101
93 16 92
93 20 104
93 29 112
93 35 107
93 36 83
93 37 104
93 40 80
93 42 107
93 43 80
93 44 96
93 45 104
93 47 109
93 51 109
93 52 98
93 54 102
93 56 115
93 58 89
93 59 98
93 60 111
93 64 87
93 65 98
93 67 81
93 69 84
93 74 95
93 75 100
93 78 113
93 79 96
93 80 91
93 83 94
93 84 115
93 85 98
93 86 81
93 87 82
93 92 81
93 94 81
93 95 89
93 96 114
93 97 118
93 98 116
93 99 83
94 4 98
94 5 94
94 6 88
94 8 99
94 9 81
94 12 119
94 14 115
94 16 108
94 17 97
94 23 116
94 24 94
94 26 110
94 27 103
94 28 118
94 33 82
94 34 83
94 36 101
94 37 89
94 39 93
94 40 96
94 41 85
94 42 89
94 49 84
94 50 88
94 53 95
94 56 80
94 60 101
94 61 102
94 62 113
94 63 85
94 64 89
94 67 94
94 68 106
94 70 116
94 71 93
94 72 82
94 73 107
94 75 105
94 76 115
94 79 115
94 80 90
94 83 86
94 90 101
94 91 92
94 92 105
94 93 81
94 95 97
94 97 102
94 99 84
95 1 116
95 4 120
95 5 91
95 6 107
95 8 103
95 9 114
95 10 94
95 11 80
95 13 109
95 15 120
95 19 114
95 23 95
95 24 106
95 25 92
95 27 105
95 29 104
95 30 105
95 31 106
95 33 80
95 34 84
95 35 111
95 36 120
95 41 106
95 43 106
95 45 117
95 46 108
95 47 80
95 51 107
95 53 113
95 54 83
95 55 89
95 56 94
95 57 117
95 64 85
95 66 117
95 69 92
95 71 80
95 72 84
95 75 100
95 76 112
95 77 111
95 78 111
95 80 94
95 85 120
95 88 119
95 89 113
95 92 83
95 93 89
95 94 97
95 96 120
95 98 118
95 99 95
96 2 119
96 4 109
96 5 98
96 11 100
96 12 85
96 13 97
96 15 113
96 16 99
96 17 107
96 21 103
96 23 100
96 24 108
96 25 115
96 27 105
96 29 97
96 30 117
96 31 99
96 32 114
96 34 110
96 35 84
96 36 108
96 37 93
96 38 86
96 39 97
96 41 84
96 43 91
96 44 91
96 45 94
96 46 118
96 47 108
96 49 117
96 50 83
96 51 81
96 54 117
96 56 81
96 58 110
96 62 98
96 63 115
96 65 110
96 69 84
96 70 109
96 72 100
96 78 81
96 79 116
96 80 97
96 82 107
96 83 95
96 85 107
96 88 88
96 89 112
96 91 87
96 93 114
96 95 120
96 97 103
96 98 88
96 99 100
97 1 111
97 2 120
97 6 91
97 7 111
97 9 105
97 10 101
97 11 120
97 12 92
97 18 89
97 19 88
97 23 114
97 24 84
97 25 114
97 27 96
97 28 95
97 31 104
97 34 109
97 39 120
97 40 119
97 41 80
97 44 91
97 45 119
97 47 83
97 48 93
97 49 97
97 51 110
97 52 111
97 53 94
97 55 96
97 59 100
97 60 81
97 69 120
97 71 102
97 73 111
97 74 99
97 76 89
97 78 87
97 81 101
97 82 93
97 83 102
97 85 95
97 86 118
97 88 105
97 92 104
97 93 118
97 94 102
97 96 103
97 99 80
98 3 108
98 4 103
98 5 82
98 6 114
98 9 92
98 12 80
98 13 87
98 14 91
98 16 117
98 22 94
98 25 103
98 26 109
98 27 84
98 28 84
98 30 98
98 31 115
98 32 93
98 33 96
98 34 103
98 35 100
98 37 98
98 38 99
98 39 86
98 41 92
98 42 91
98 44 100
98 45 117
98 46 106
98 48 113
98 51 90
98 53 119
98 54 83
98 55 84
98 56 114
98 57 81
98 58 110
98 59 87
98 60 92
98 61 101
98 64 112
98 67 83
98 68 98
98 69 111
98 79 82
98 83 111
98 84 97
98 88 105
98 89 88
98 91 85
98 93 116
98 95 118
98 96 88
1 t 97
2 t 109
3 t 119
4 t 102
9 t 82
10 t 100
11 t 94
13 t 101
14 t 105
18 t 87
19 t 93
20 t 87
22 t 87
23 t 103
24 t 80
26 t 84
27 t 87
28 t 106
31 t 112
33 t 88
36 t 107
38 t 102
39 t 117
47 t 99
48 t 105
50 t 86
51 t 116
52 t 92
55 t 80
56 t 84
58 t 107
62 t 80
63 t 103
66 t 98
67 t 116
68 t 87
70 t 98
71 t 94
72 t 92
76 t 91
81 t 97
82 t 113
84 t 98
85 t 114
87 t 106
89 t 119
91 t 105
92 t 90
93 t 83
94 t 84
95 t 95
96 t 100
97 t 80
