s 1 59
s 8 58
s 13 72
s 18 55
s 19 40
s 20 70
s 21 79
s 23 70
s 26 64
s 30 48
s 33 54
s 34 66
s 35 53
s 37 54
s 39 70
s 40 60
s 41 77
s 43 79
s 48 42
s 53 53
s 54 69
s 57 71
s 58 66
s 61 40
s 63 53
s 69 64
s 72 52
s 76 42
s 77 54
s 79 72
s 80 78
s 81 41
s 85 72
s 90 62
s 91 46
s 92 44
s 94 64
s 95 52
s 97 67
1 3 79
1 4 75
1 6 57
1 7 78
1 10 69
1 18 75
1 19 69
1 23 41
1 29 47
1 30 44
1 33 45
1 34 52
1 38 72
1 39 53
1 42 46
1 45 43
1 47 50
1 48 45
1 49 54
1 52 72
1 55 63
1 57 66
1 58 48
1 59 62
1 61 55
1 62 75
1 63 55
1 64 50
1 67 42
1 68 69
1 69 75
1 70 68
1 71 46
1 72 41
1 78 76
1 79 80
1 82 78
1 85 65
1 86 55
1 89 68
1 93 42
1 97 51
1 98 45
2 4 59
2 5 46
2 6 74
2 10 54
2 14 53
2 17 66
2 18 68
2 21 49
2 22 49
2 25 50
2 27 46
2 32 62
2 34 52
2 36 54
2 37 74
2 38 56
2 39 58
2 45 65
2 47 65
2 48 46
2 49 73
2 50 58
2 51 48
2 52 76
2 62 67
2 63 47
2 64 60
2 66 70
2 68 63
2 70 67
2 72 71
2 74 52
2 75 57
2 81 61
2 84 60
2 88 68
2 89 52
2 93 68
2 94 40
2 95 54
2 96 54
2 99 60
3 1 79
3 5 63
3 6 44
3 9 51
3 14 52
3 16 63
3 18 76
3 21 71
3 22 42
3 35 48
3 36 59
3 40 76
3 41 68
3 43 40
3 45 71
3 46 57
3 49 69
3 52 62
3 54 76
3 56 51
3 57 43
3 60 56
3 65 44
3 66 56
3 67 51
3 71 54
3 73 78
3 76 59
3 77 55
3 79 80
3 80 71
3 82 57
3 83 46
3 85 54
3 86 80
3 89 40
3 90 73
3 91 50
3 99 43
4 1 75
4 2 59
4 5 75
4 10 53
4 12 72
4 14 42
4 16 46
4 17 78
4 19 54
4 25 65
4 28 47
4 30 45
4 36 42
4 37 51
4 40 70
4 42 41
4 46 56
4 51 73
4 52 75
4 54 43
4 55 48
4 57 67
4 64 65
4 65 63
4 68 44
4 69 73
4 72 44
4 74 52
4 75 67
4 76 63
4 77 44
4 80 58
4 82 73
4 85 70
4 93 65
4 95 60
5 2 46
5 3 63
5 4 75
5 7 72
5 8 66
5 9 43
5 10 41
5 11 60
5 12 77
5 13 48
5 16 64
5 18 48
5 20 40
5 21 49
5 28 58
5 33 72
5 35 55
5 38 56
5 40 63
5 41 63
5 44 67
5 46 67
5 47 77
5 48 52
5 51 80
5 53 76
5 54 78
5 55 78
5 56 75
5 57 60
5 60 61
5 63 79
5 65 55
5 67 71
5 71 73
5 73 67
5 74 77
5 78 74
5 79 69
5 83 47
5 84 70
5 85 49
5 87 57
5 89 42
5 90 80
5 92 66
5 94 68
5 95 75
6 1 57
6 2 74
6 3 44
6 7 44
6 10 41
6 11 67
6 12 56
6 14 60
6 16 79
6 17 56
6 19 61
6 23 59
6 24 75
6 26 59
6 33 77
6 39 77
6 41 52
6 42 76
6 47 74
6 49 75
6 51 77
6 53 55
6 55 43
6 58 61
6 59 45
6 61 72
6 62 56
6 63 47
6 64 56
6 66 71
6 67 79
6 68 75
6 72 50
6 77 44
6 80 71
6 88 56
6 89 51
6 93 72
6 96 44
6 99 55
7 1 78
7 5 72
7 6 44
7 10 75
7 11 43
7 14 74
7 17 61
7 20 75
7 24 49
7 31 75
7 32 58
7 33 58
7 36 78
7 44 71
7 47 44
7 49 68
7 51 69
7 55 72
7 56 41
7 61 67
7 66 42
7 67 73
7 71 43
7 76 65
7 81 57
7 82 55
7 90 62
7 92 75
7 94 53
7 97 72
7 99 40
8 5 66
8 9 78
8 11 43
8 12 69
8 13 58
8 15 65
8 17 41
8 19 78
8 22 70
8 26 52
8 27 70
8 30 44
8 33 41
8 39 47
8 41 74
8 44 58
8 47 74
8 54 53
8 56 62
8 61 69
8 62 65
8 63 52
8 64 73
8 66 61
8 68 54
8 70 48
8 78 42
8 85 52
8 87 43
8 90 74
8 91 59
8 95 71
8 98 42
9 3 51
9 5 43
9 8 78
9 13 56
9 20 42
9 24 50
9 26 51
9 28 55
9 29 53
9 32 55
9 34 66
9 37 61
9 38 76
9 39 42
9 41 63
9 44 51
9 45 55
9 47 46
9 50 60
9 51 75
9 52 45
9 53 68
9 56 56
9 57 74
9 64 51
9 66 41
9 69 47
9 73 52
9 76 70
9 81 42
9 82 55
9 86 59
9 90 46
9 91 49
9 94 67
9 95 75
9 97 45
9 98 43
10 1 69
10 2 54
10 4 53
10 5 41
10 6 41
10 7 75
10 13 64
10 14 65
10 15 53
10 16 46
10 18 40
10 20 42
10 22 68
10 24 78
10 31 79
10 33 76
10 36 74
10 38 56
10 40 62
10 41 58
10 42 64
10 43 79
10 44 64
10 45 53
10 46 61
10 48 56
10 49 72
10 50 74
10 52 72
10 53 79
10 61 53
10 62 40
10 63 75
10 65 71
10 68 68
10 69 45
10 73 62
10 75 77
10 77 79
10 78 74
10 80 40
10 82 71
10 86 80
10 89 61
10 91 47
10 92 44
11 5 60
11 6 67
11 7 43
11 8 43
11 13 71
11 15 74
11 18 46
11 20 46
11 28 67
11 30 40
11 34 64
11 35 73
11 36 71
11 37 43
11 41 53
11 42 71
11 43 61
11 45 59
11 49 75
11 50 60
11 52 70
11 55 71
11 56 55
11 58 41
11 59 62
11 62 77
11 63 42
11 65 67
11 69 48
11 73 76
11 74 69
11 75 51
11 76 47
11 81 61
11 83 61
11 84 61
11 92 58
11 93 75
11 96 63
11 99 49
12 4 72
12 5 77
12 6 56
12 8 69
12 16 48
12 17 78
12 19 74
12 21 44
12 23 59
12 24 70
12 27 52
12 31 55
12 32 46
12 33 61
12 36 68
12 37 64
12 40 45
12 41 74
12 46 53
12 48 52
12 50 40
12 51 61
12 52 55
12 53 67
12 56 40
12 58 42
12 59 46
12 61 75
12 63 64
12 67 79
12 68 68
12 69 42
12 70 65
12 72 60
12 73 71
12 81 74
12 83 67
12 84 56
12 85 78
12 87 61
12 91 60
12 97 41
12 98 55
13 5 48
13 8 58
13 9 56
13 10 64
13 11 71
13 14 52
13 17 53
13 18 77
13 19 52
13 21 51
13 22 43
13 25 42
13 29 60
13 32 56
13 34 76
13 35 79
13 36 52
13 37 70
13 45 78
13 48 65
13 49 44
13 50 62
13 53 73
13 60 57
13 61 54
13 66 50
13 67 67
13 69 75
13 73 68
13 78 75
13 79 40
13 80 66
13 81 48
13 82 45
13 84 77
13 85 47
13 86 62
13 92 65
13 99 50
14 2 53
14 3 52
14 4 42
14 6 60
14 7 74
14 10 65
14 13 52
14 15 76
14 16 65
14 17 51
14 20 48
14 21 44
14 25 50
14 26 69
14 31 57
14 32 78
14 35 64
14 36 53
14 39 55
14 43 62
14 44 74
14 45 43
14 48 77
14 51 80
14 52 77
14 53 50
14 54 77
14 58 54
14 59 60
14 61 79
14 62 51
14 64 70
14 65 44
14 67 52
14 71 71
14 74 52
14 75 40
14 76 52
14 77 48
14 80 64
14 81 58
14 84 47
14 92 67
14 94 76
14 95 76
14 96 56
14 97 42
15 8 65
15 10 53
15 11 74
15 14 76
15 17 41
15 18 74
15 20 56
15 21 78
15 22 60
15 29 50
15 30 76
15 32 44
15 36 79
15 37 70
15 38 41
15 43 59
15 47 43
15 48 40
15 51 73
15 54 68
15 56 74
15 58 67
15 61 60
15 62 60
15 66 68
15 71 73
15 73 67
15 78 65
15 82 61
15 88 76
15 90 43
15 91 68
15 94 60
15 98 48
16 3 63
16 4 46
16 5 64
16 6 79
16 10 46
16 12 48
16 14 65
16 17 70
16 19 54
16 27 64
16 28 43
16 32 63
16 34 58
16 36 45
16 37 57
16 41 80
16 42 80
16 46 44
16 47 64
16 48 59
16 51 72
16 62 42
16 66 80
16 68 49
16 69 64
16 70 44
16 72 57
16 73 71
16 79 46
16 80 53
16 81 48
16 82 50
16 83 80
16 86 65
16 88 45
16 92 40
16 93 51
16 94 69
16 95 71
16 96 48
16 98 78
17 2 66
17 4 78
17 6 56
17 7 61
17 8 41
17 12 78
17 13 53
17 14 51
17 15 41
17 16 70
17 18 55
17 21 70
17 23 62
17 25 71
17 26 68
17 29 59
17 33 80
17 34 45
17 38 50
17 39 77
17 40 63
17 41 62
17 48 42
17 50 40
17 51 47
17 52 47
17 54 52
17 55 75
17 56 54
17 59 63
17 60 64
17 63 52
17 64 59
17 69 67
17 73 77
17 74 80
17 78 47
17 79 80
17 84 79
17 85 77
17 89 55
17 91 45
17 93 41
17 95 61
17 98 73
17 99 43
18 1 75
18 2 68
18 3 76
18 5 48
18 10 40
18 11 46
18 13 77
18 15 74
18 17 55
18 19 53
18 20 42
18 21 43
18 22 56
18 26 64
18 28 41
18 37 40
18 38 71
18 40 62
18 42 49
18 46 77
18 51 66
18 58 65
18 60 40
18 65 44
18 67 49
18 72 58
18 73 76
18 74 69
18 75 59
18 77 64
18 78 62
18 80 49
18 83 63
18 84 80
18 85 43
18 86 70
18 90 49
18 95 60
18 98 76
18 99 61
19 1 69
19 4 54
19 6 61
19 8 78
19 12 74
19 13 52
19 16 54
19 18 53
19 20 76
19 21 54
19 24 45
19 28 76
19 30 49
19 31 75
19 32 57
19 36 58
19 37 61
19 38 40
19 39 50
19 40 77
19 41 56
19 42 43
19 45 74
19 49 60
19 54 43
19 55 59
19 56 64
19 60 58
19 62 43
19 65 58
19 67 77
19 68 55
19 70 78
19 75 60
19 78 73
19 79 45
19 81 53
19 84 48
19 86 53
19 87 61
19 90 66
19 91 43
19 96 66
19 99 64
20 5 40
20 7 75
20 9 42
20 10 42
20 11 46
20 14 48
20 15 56
20 18 42
20 19 76
20 21 60
20 22 57
20 26 42
20 27 79
20 28 53
20 29 46
20 31 45
20 32 66
20 33 62
20 34 42
20 35 44
20 45 40
20 48 56
20 50 70
20 51 64
20 52 68
20 53 40
20 56 59
20 58 50
20 59 69
20 61 79
20 64 52
20 66 80
20 69 51
20 74 72
20 76 47
20 77 76
20 80 78
20 81 57
20 82 41
20 84 46
20 87 42
20 88 68
20 89 70
20 90 67
20 91 43
20 95 66
20 96 79
21 2 49
21 3 71
21 5 49
21 12 44
21 13 51
21 14 44
21 15 78
21 17 70
21 18 43
21 19 54
21 20 60
21 26 77
21 27 41
21 31 70
21 36 54
21 39 71
21 41 49
21 42 56
21 43 72
21 44 64
21 46 45
21 48 59
21 49 55
21 50 69
21 52 77
21 53 71
21 54 41
21 55 77
21 56 47
21 57 57
21 58 42
21 59 43
21 61 70
21 63 59
21 64 78
21 69 73
21 72 73
21 76 48
21 82 52
21 90 48
21 92 79
21 94 58
21 97 52
21 99 57
22 2 49
22 3 42
22 8 70
22 10 68
22 13 43
22 15 60
22 18 56
22 20 57
22 24 75
22 27 45
22 28 53
22 36 54
22 37 51
22 39 63
22 44 80
22 46 41
22 47 41
22 48 56
22 49 41
22 52 69
22 55 62
22 56 63
22 61 54
22 65 79
22 67 47
22 69 58
22 70 41
22 74 76
22 77 75
22 78 66
22 79 77
22 80 79
22 82 51
22 83 78
22 84 56
22 88 58
22 92 76
22 94 43
22 95 66
23 1 41
23 6 59
23 12 59
23 17 62
23 24 59
23 28 74
23 36 54
23 38 71
23 46 68
23 48 74
23 52 51
23 54 44
23 56 41
23 57 63
23 58 70
23 60 69
23 66 59
23 69 66
23 73 58
23 75 80
23 78 68
23 81 41
23 82 59
23 83 45
23 85 56
23 87 54
23 89 40
23 90 72
23 92 67
23 93 50
23 94 69
23 95 51
23 96 73
23 98 45
24 6 75
24 7 49
24 9 50
24 10 78
24 12 70
24 19 45
24 22 75
24 23 59
24 28 55
24 31 68
24 37 45
24 38 80
24 39 50
24 40 51
24 45 60
24 46 76
24 48 42
24 49 68
24 50 64
24 51 79
24 53 50
24 57 70
24 58 75
24 59 53
24 63 70
24 71 58
24 72 80
24 73 72
24 75 66
24 80 44
24 83 57
24 86 57
24 87 76
24 89 74
24 92 70
24 93 42
24 94 74
24 96 75
24 97 40
25 2 50
25 4 65
25 13 42
25 14 50
25 17 71
25 27 49
25 28 46
25 30 70
25 33 78
25 36 65
25 38 52
25 41 65
25 48 62
25 50 66
25 52 66
25 55 70
25 57 54
25 60 53
25 62 46
25 64 68
25 71 73
25 72 48
25 73 66
25 74 65
25 75 65
25 76 52
25 77 50
25 78 71
25 79 69
25 82 66
25 85 49
25 88 56
25 90 41
25 92 49
25 93 49
26 6 59
26 8 52
26 9 51
26 14 69
26 17 68
26 18 64
26 20 42
26 21 77
26 27 70
26 28 69
26 31 42
26 32 44
26 33 60
26 37 75
26 38 50
26 39 53
26 41 52
26 45 68
26 48 62
26 53 53
26 54 62
26 59 40
26 65 73
26 67 46
26 69 67
26 70 43
26 71 70
26 73 67
26 75 55
26 76 51
26 77 53
26 79 71
26 82 73
26 86 53
26 89 71
26 91 43
26 92 54
26 94 77
26 98 66
27 2 46
27 8 70
27 12 52
27 16 64
27 20 79
27 21 41
27 22 45
27 25 49
27 26 70
27 29 73
27 30 80
27 34 73
27 35 61
27 37 55
27 38 56
27 41 50
27 42 61
27 47 67
27 55 68
27 57 60
27 58 44
27 62 49
27 67 43
27 70 45
27 71 72
27 75 41
27 76 70
27 77 75
27 78 78
27 79 41
27 80 76
27 81 59
27 82 53
27 84 67
27 86 40
27 87 62
27 91 74
27 92 72
27 98 55
28 4 47
28 5 58
28 9 55
28 11 67
28 16 43
28 18 41
28 19 76
28 20 53
28 22 53
28 23 74
28 24 55
28 25 46
28 26 69
28 30 40
28 33 44
28 36 62
28 37 75
28 41 48
28 42 45
28 43 55
28 48 63
28 50 57
28 59 64
28 62 64
28 63 76
28 64 50
28 65 48
28 66 51
28 68 52
28 69 77
28 70 65
28 73 61
28 74 62
28 75 40
28 84 54
28 85 44
28 86 62
28 87 65
28 88 73
28 90 71
28 91 49
28 92 51
28 94 52
28 95 65
28 96 72
29 1 47
29 9 53
29 13 60
29 15 50
29 17 59
29 20 46
29 27 73
29 30 41
29 31 46
29 37 79
29 39 66
29 41 77
29 43 68
29 45 63
29 48 61
29 50 44
29 51 69
29 53 42
29 55 71
29 56 53
29 60 74
29 61 75
29 64 77
29 65 40
29 66 48
29 70 51
29 74 54
29 75 44
29 76 46
29 77 49
29 78 55
29 80 55
29 81 68
29 82 52
29 83 47
29 86 71
29 89 77
29 90 52
29 92 80
29 93 61
29 97 40
30 1 44
30 4 45
30 8 44
30 11 40
30 15 76
30 19 49
30 25 70
30 27 80
30 28 40
30 29 41
30 31 41
30 34 61
30 36 65
30 37 76
30 39 80
30 42 62
30 43 47
30 44 76
30 46 64
30 48 67
30 56 72
30 57 69
30 60 53
30 63 79
30 64 74
30 68 41
30 70 42
30 74 50
30 75 75
30 77 70
30 81 74
30 82 62
30 83 66
30 88 57
30 90 52
30 99 41
31 7 75
31 10 79
31 12 55
31 14 57
31 19 75
31 20 45
31 21 70
31 24 68
31 26 42
31 29 46
31 30 41
31 32 64
31 33 47
31 38 73
31 51 71
31 55 72
31 58 41
31 59 75
31 60 66
31 64 59
31 66 43
31 67 76
31 70 60
31 71 73
31 76 51
31 78 68
31 79 45
31 80 70
31 82 48
31 84 43
31 85 50
31 86 76
31 88 76
31 90 48
31 92 47
31 94 51
31 95 64
31 96 76
31 98 64
32 2 62
32 7 58
32 9 55
32 12 46
32 13 56
32 14 78
32 15 44
32 16 63
32 19 57
32 20 66
32 26 44
32 31 64
32 35 71
32 38 60
32 41 64
32 43 50
32 44 77
32 45 58
32 48 70
32 49 77
32 50 64
32 51 69
32 53 72
32 57 75
32 60 43
32 62 48
32 65 74
32 67 76
32 70 80
32 72 77
32 74 53
32 75 78
32 78 77
32 80 58
32 81 42
32 82 77
32 83 76
32 85 52
32 90 47
32 91 63
32 92 79
32 99 41
33 1 45
33 5 72
33 6 77
33 7 58
33 8 41
33 10 76
33 12 61
33 17 80
33 20 62
33 25 78
33 26 60
33 28 44
33 31 47
33 34 71
33 37 80
33 44 70
33 45 69
33 46 78
33 47 69
33 49 65
33 50 74
33 51 76
33 55 48
33 56 59
33 61 63
33 64 53
33 65 71
33 69 72
33 70 80
33 71 79
33 72 60
33 73 80
33 81 55
33 84 70
33 86 61
33 91 55
33 92 51
33 93 61
33 96 54
34 1 52
34 2 52
34 9 66
34 11 64
34 13 76
34 16 58
34 17 45
34 20 42
34 27 73
34 30 61
34 33 71
34 35 61
34 39 51
34 40 74
34 41 60
34 43 57
34 44 77
34 47 48
34 48 79
34 49 71
34 50 69
34 60 41
34 61 41
34 64 69
34 65 61
34 66 50
34 71 61
34 72 80
34 73 68
34 75 73
34 77 49
34 78 74
34 85 42
34 89 52
34 90 43
34 92 68
34 95 80
34 97 40
34 98 55
34 99 50
35 3 48
35 5 55
35 11 73
35 13 79
35 14 64
35 20 44
35 27 61
35 32 71
35 34 61
35 36 52
35 43 70
35 45 45
35 46 48
35 47 73
35 50 68
35 52 49
35 53 72
35 55 54
35 56 60
35 58 55
35 59 74
35 63 57
35 64 52
35 65 74
35 67 77
35 68 57
35 69 73
35 74 71
35 75 57
35 76 66
35 79 55
35 80 62
35 82 73
35 89 66
35 90 64
35 95 63
35 97 60
35 98 50
35 99 67
36 2 54
36 3 59
36 4 42
36 7 78
36 10 74
36 11 71
36 12 68
36 13 52
36 14 53
36 15 79
36 16 45
36 19 58
36 21 54
36 22 54
36 23 54
36 25 65
36 28 62
36 30 65
36 35 52
36 38 74
36 41 63
36 42 57
36 43 54
36 54 50
36 59 43
36 62 54
36 65 53
36 67 73
36 72 74
36 73 44
36 80 76
36 81 62
36 82 52
36 85 77
36 87 50
36 90 46
36 93 72
36 96 69
37 2 74
37 4 51
37 9 61
37 11 43
37 12 64
37 13 70
37 15 70
37 16 57
37 18 40
37 19 61
37 22 51
37 24 45
37 26 75
37 27 55
37 28 75
37 29 79
37 30 76
37 33 80
37 39 78
37 40 50
37 42 70
37 48 76
37 49 62
37 50 76
37 55 41
37 56 62
37 57 42
37 59 46
37 62 45
37 66 70
37 69 75
37 74 43
37 78 55
37 82 41
37 84 56
37 87 47
37 88 49
37 91 58
37 95 76
37 99 63
38 1 72
38 2 56
38 5 56
38 9 76
38 10 56
38 15 41
38 17 50
38 18 71
38 19 40
38 23 71
38 24 80
38 25 52
38 26 50
38 27 56
38 31 73
38 32 60
38 36 74
38 39 73
38 40 51
38 44 68
38 45 56
38 47 75
38 51 76
38 52 75
38 53 58
38 57 62
38 59 76
38 61 44
38 63 72
38 67 57
38 70 50
38 73 79
38 77 79
38 79 72
38 81 67
38 82 79
38 86 78
38 89 41
38 90 70
38 91 72
38 92 68
38 93 48
38 94 69
38 97 73
38 98 45
39 1 53
39 2 58
39 6 77
39 8 47
39 9 42
39 14 55
39 17 77
39 19 50
39 21 71
39 22 63
39 24 50
39 26 53
39 29 66
39 30 80
39 34 51
39 37 78
39 38 73
39 43 50
39 44 50
39 45 56
39 47 77
39 50 47
39 54 45
39 57 70
39 61 44
39 63 60
39 66 44
39 67 57
39 71 58
39 73 61
39 74 79
39 76 57
39 77 58
39 78 55
39 80 75
39 84 66
39 85 78
39 88 70
39 89 78
39 98 61
39 99 67
40 3 76
40 4 70
40 5 63
40 10 62
40 12 45
40 17 63
40 18 62
40 19 77
40 24 51
40 34 74
40 37 50
40 38 51
40 41 66
40 42 57
40 44 59
40 52 71
40 54 59
40 57 79
40 58 58
40 60 53
40 65 65
40 66 76
40 71 72
40 75 54
40 77 67
40 85 66
40 89 48
40 92 54
40 95 58
40 97 45
40 99 60
41 3 68
41 5 63
41 6 52
41 8 74
41 9 63
41 10 58
41 11 53
41 12 74
41 16 80
41 17 62
41 19 56
41 21 49
41 25 65
41 26 52
41 27 50
41 28 48
41 29 77
41 32 64
41 34 60
41 36 63
41 40 66
41 42 43
41 45 47
41 46 52
41 49 79
41 57 77
41 60 46
41 61 50
41 63 78
41 64 63
41 65 68
41 67 47
41 71 69
41 75 53
41 76 58
41 79 79
41 82 40
41 85 73
41 91 68
41 93 59
41 95 59
41 96 54
41 98 66
42 1 46
42 4 41
42 6 76
42 10 64
42 11 71
42 16 80
42 18 49
42 19 43
42 21 56
42 27 61
42 28 45
42 30 62
42 36 57
42 37 70
42 40 57
42 41 43
42 43 59
42 44 48
42 46 61
42 49 50
42 50 64
42 52 69
42 53 68
42 54 63
42 56 66
42 57 79
42 58 66
42 59 49
42 60 66
42 62 58
42 65 72
42 66 62
42 67 73
42 68 57
42 69 71
42 71 52
42 72 74
42 73 59
42 76 79
42 80 59
42 82 48
42 86 42
42 88 63
42 89 57
42 90 58
42 94 55
42 96 74
43 3 40
43 10 79
43 11 61
43 14 62
43 15 59
43 21 72
43 28 55
43 29 68
43 30 47
43 32 50
43 34 57
43 35 70
43 36 54
43 39 50
43 42 59
43 46 45
43 54 60
43 57 40
43 58 40
43 63 55
43 66 51
43 68 49
43 70 42
43 72 71
43 74 70
43 78 75
43 83 78
43 87 73
44 5 67
44 7 71
44 8 58
44 9 51
44 10 64
44 14 74
44 21 64
44 22 80
44 30 76
44 32 77
44 33 70
44 34 77
44 38 68
44 39 50
44 40 59
44 42 48
44 47 51
44 51 80
44 52 75
44 61 70
44 62 42
44 65 72
44 69 60
44 70 77
44 74 59
44 75 74
44 80 53
44 81 67
44 87 54
44 88 43
44 90 54
44 92 75
44 94 73
44 96 51
44 98 54
44 99 68
45 1 43
45 2 65
45 3 71
45 9 55
45 10 53
45 11 59
45 13 78
45 14 43
45 19 74
45 20 40
45 24 60
45 26 68
45 29 63
45 32 58
45 33 69
45 35 45
45 38 56
45 39 56
45 41 47
45 46 51
45 53 70
45 54 43
45 55 65
45 58 44
45 63 72
45 64 57
45 67 51
45 68 55
45 72 77
45 74 47
45 76 68
45 78 59
45 80 50
45 82 78
45 84 45
45 87 75
45 89 60
45 90 46
45 93 44
45 97 74
45 98 60
45 99 61
46 3 57
46 4 56
46 5 67
46 10 61
46 12 53
46 16 44
46 18 77
46 21 45
46 22 41
46 23 68
46 24 76
46 30 64
46 33 78
46 35 48
46 41 52
46 42 61
46 43 45
46 45 51
46 48 70
46 49 68
46 51 49
46 53 54
46 54 63
46 55 54
46 56 58
46 59 71
46 62 55
46 66 79
46 67 77
46 69 66
46 70 44
46 73 52
46 79 54
46 80 56
46 87 57
46 88 52
46 92 59
46 93 40
46 94 57
46 95 76
46 98 69
47 1 50
47 2 65
47 5 77
47 6 74
47 7 44
47 8 74
47 9 46
47 15 43
47 16 64
47 22 41
47 27 67
47 33 69
47 34 48
47 35 73
47 38 75
47 39 77
47 44 51
47 48 70
47 55 52
47 56 51
47 59 52
47 60 53
47 63 53
47 65 53
47 67 69
47 68 45
47 70 44
47 72 67
47 75 54
47 77 55
47 79 74
47 87 40
47 88 51
47 92 56
48 1 45
48 2 46
48 5 52
48 10 56
48 12 52
48 13 65
48 14 77
48 15 40
48 16 59
48 17 42
48 20 56
48 21 59
48 22 56
48 23 74
48 24 42
48 25 62
48 26 62
48 28 63
48 29 61
48 30 67
48 32 70
48 34 79
48 37 76
48 46 70
48 47 70
48 49 71
48 50 55
48 52 59
48 53 66
48 55 76
48 57 45
48 58 45
48 61 52
48 62 48
48 65 59
48 66 53
48 67 55
48 68 75
48 72 80
48 75 76
48 78 40
48 79 79
48 80 69
48 82 74
48 83 48
48 88 46
48 93 44
48 94 63
49 1 54
49 2 73
49 3 69
49 6 75
49 7 68
49 10 72
49 11 75
49 13 44
49 19 60
49 21 55
49 22 41
49 24 68
49 32 77
49 33 65
49 34 71
49 37 62
49 41 79
49 42 50
49 46 68
49 48 71
49 54 57
49 56 65
49 57 43
49 59 53
49 61 46
49 63 42
49 65 57
49 68 56
49 69 66
49 71 77
49 73 45
49 74 68
49 79 42
49 84 41
49 86 76
49 89 80
49 96 73
50 2 58
50 9 60
50 10 74
50 11 60
50 12 40
50 13 62
50 17 40
50 20 70
50 21 69
50 24 64
50 25 66
50 28 57
50 29 44
50 32 64
50 33 74
50 34 69
50 35 68
50 37 76
50 39 47
50 42 64
50 48 55
50 57 53
50 59 63
50 61 50
50 63 73
50 64 65
50 66 72
50 67 80
50 69 66
50 71 68
50 74 62
50 75 56
50 76 65
50 79 42
50 80 71
50 84 55
50 88 56
50 89 40
50 91 70
50 93 50
50 95 80
50 96 72
51 2 48
51 4 73
51 5 80
51 6 77
51 7 69
51 9 75
51 12 61
51 14 80
51 15 73
51 16 72
51 17 47
51 18 66
51 20 64
51 24 79
51 29 69
51 31 71
51 32 69
51 33 76
51 38 76
51 44 80
51 46 49
51 52 45
51 53 75
51 54 59
51 56 47
51 60 53
51 61 67
51 62 66
51 63 65
51 64 65
51 67 79
51 68 73
51 69 71
51 71 73
51 73 45
51 77 69
51 80 58
51 81 52
51 87 54
51 88 68
51 89 79
51 90 45
51 94 50
51 97 50
51 99 70
52 1 72
52 2 76
52 3 62
52 4 75
52 9 45
52 10 72
52 11 70
52 12 55
52 14 77
52 17 47
52 20 68
52 21 77
52 22 69
52 23 51
52 25 66
52 35 49
52 38 75
52 40 71
52 42 69
52 44 75
52 48 59
52 51 45
52 54 45
52 55 40
52 56 62
52 57 45
52 62 49
52 64 55
52 71 73
52 72 76
52 74 57
52 75 42
52 82 59
52 83 58
52 86 58
52 87 67
52 88 58
52 89 63
52 91 61
52 94 69
52 95 59
52 96 61
52 97 43
53 5 76
53 6 55
53 9 68
53 10 79
53 12 67
53 13 73
53 14 50
53 20 40
53 21 71
53 24 50
53 26 53
53 29 42
53 32 72
53 35 72
53 38 58
53 42 68
53 45 70
53 46 54
53 48 66
53 51 75
53 56 61
53 57 75
53 61 49
53 65 44
53 68 52
53 70 74
53 71 43
53 75 56
53 77 40
53 78 72
53 80 44
53 85 48
53 88 73
53 89 80
53 90 75
53 91 58
53 93 79
53 94 42
53 97 68
54 3 76
54 4 43
54 5 78
54 8 53
54 14 77
54 15 68
54 17 52
54 19 43
54 21 41
54 23 44
54 26 62
54 36 50
54 39 45
54 40 59
54 42 63
54 43 60
54 45 43
54 46 63
54 49 57
54 51 59
54 52 45
54 55 77
54 59 45
54 60 60
54 61 69
54 62 51
54 64 78
54 66 61
54 72 52
54 76 73
54 78 65
54 79 60
54 82 59
54 83 78
54 84 68
54 85 54
54 86 70
54 87 79
54 90 71
54 95 62
54 97 40
55 1 63
55 4 48
55 5 78
55 6 43
55 7 72
55 11 71
55 17 75
55 19 59
55 21 77
55 22 62
55 25 70
55 27 68
55 29 71
55 31 72
55 33 48
55 35 54
55 37 41
55 45 65
55 46 54
55 47 52
55 48 76
55 52 40
55 54 77
55 58 47
55 59 53
55 60 67
55 64 55
55 67 66
55 69 66
55 70 63
55 72 40
55 73 64
55 75 63
55 78 56
55 79 50
55 80 72
55 82 66
55 83 53
55 85 70
55 89 53
55 92 58
55 95 66
56 3 51
56 5 75
56 7 41
56 8 62
56 9 56
56 11 55
56 12 40
56 15 74
56 17 54
56 19 64
56 20 59
56 21 47
56 22 63
56 23 41
56 29 53
56 30 72
56 33 59
56 35 60
56 37 62
56 42 66
56 46 58
56 47 51
56 49 65
56 51 47
56 52 62
56 53 61
56 62 57
56 63 70
56 65 72
56 70 45
56 71 53
56 74 55
56 75 50
56 77 61
56 79 54
56 83 60
56 84 54
56 85 71
56 91 41
56 94 66
56 95 68
56 96 68
56 99 56
57 1 66
57 3 43
57 4 67
57 5 60
57 9 74
57 21 57
57 23 63
57 24 70
57 25 54
57 27 60
57 30 69
57 32 75
57 37 42
57 38 62
57 39 70
57 40 79
57 41 77
57 42 79
57 43 40
57 48 45
57 49 43
57 50 53
57 52 45
57 53 75
57 58 46
57 59 42
57 62 49
57 63 70
57 65 61
57 67 45
57 69 61
57 71 59
57 73 57
57 74 41
57 75 78
57 77 76
57 78 55
57 80 49
57 81 61
57 82 77
57 83 78
57 85 72
57 86 63
57 88 54
57 89 64
57 91 76
57 95 76
57 96 77
57 97 68
57 98 45
58 1 48
58 6 61
58 11 41
58 12 42
58 14 54
58 15 67
58 18 65
58 20 50
58 21 42
58 23 70
58 24 75
58 27 44
58 31 41
58 35 55
58 40 58
58 42 66
58 43 40
58 45 44
58 48 45
58 55 47
58 57 46
58 59 54
58 61 51
58 64 59
58 65 51
58 66 53
58 68 65
58 70 63
58 71 66
58 72 51
58 73 46
58 76 72
58 77 47
58 84 45
58 86 64
58 87 54
58 88 70
58 89 72
58 90 71
58 93 56
58 96 41
58 99 53
59 1 62
59 6 45
59 11 62
59 12 46
59 14 60
59 17 63
59 20 69
59 21 43
59 24 53
59 26 40
59 28 64
59 31 75
59 35 74
59 36 43
59 37 46
59 38 76
59 42 49
59 46 71
59 47 52
59 49 53
59 50 63
59 54 45
59 55 53
59 57 42
59 58 54
59 62 59
59 63 76
59 64 72
59 66 63
59 67 78
59 69 42
59 71 76
59 75 75
59 77 67
59 80 60
59 81 43
59 83 53
59 90 69
59 91 41
59 92 69
59 94 55
59 95 73
59 99 51
60 3 56
60 5 61
60 13 57
60 17 64
60 18 40
60 19 58
60 23 69
60 25 53
60 29 74
60 30 53
60 31 66
60 32 43
60 34 41
60 40 53
60 41 46
60 42 66
60 47 53
60 51 53
60 54 60
60 55 67
60 61 46
60 64 68
60 65 49
60 66 54
60 67 42
60 69 63
60 72 71
60 73 44
60 74 53
60 77 40
60 80 56
60 83 62
60 85 49
60 87 71
60 88 46
60 90 69
60 92 48
60 96 75
60 99 47
61 1 55
61 6 72
61 7 67
61 8 69
61 10 53
61 12 75
61 13 54
61 14 79
61 15 60
61 20 79
61 21 70
61 22 54
61 29 75
61 33 63
61 34 41
61 38 44
61 39 44
61 41 50
61 44 70
61 48 52
61 49 46
61 50 50
61 51 67
61 53 49
61 54 69
61 58 51
61 60 46
61 62 63
61 65 63
61 66 44
61 67 45
61 68 58
61 71 57
61 73 78
61 75 49
61 81 58
61 82 51
61 83 56
61 84 65
61 85 71
61 86 67
61 89 58
61 91 60
61 92 70
61 97 61
61 98 56
61 99 59
62 1 75
62 2 67
62 6 56
62 8 65
62 10 40
62 11 77
62 14 51
62 15 60
62 16 42
62 19 43
62 25 46
62 27 49
62 28 64
62 32 48
62 36 54
62 37 45
62 42 58
62 44 42
62 46 55
62 48 48
62 51 66
62 52 49
62 54 51
62 56 57
62 57 49
62 59 59
62 61 63
62 65 70
62 66 49
62 67 64
62 69 44
62 71 50
62 72 58
62 75 65
62 76 73
62 77 58
62 79 64
62 82 57
62 83 44
62 84 44
62 85 55
62 88 60
62 92 65
62 95 62
62 96 56
62 98 53
63 1 55
63 2 47
63 5 79
63 6 47
63 8 52
63 10 75
63 11 42
63 12 64
63 17 52
63 21 59
63 24 70
63 28 76
63 30 79
63 35 57
63 38 72
63 39 60
63 41 78
63 43 55
63 45 72
63 47 53
63 49 42
63 50 73
63 51 65
63 56 70
63 57 70
63 59 76
63 64 73
63 67 77
63 69 61
63 73 62
63 74 62
63 77 52
63 78 78
63 79 69
63 81 61
63 90 64
63 92 50
63 94 57
63 96 65
63 98 67
64 1 50
64 2 60
64 4 65
64 6 56
64 8 73
64 9 51
64 14 70
64 17 59
64 20 52
64 21 78
64 25 68
64 28 50
64 29 77
64 30 74
64 31 59
64 33 53
64 34 69
64 35 52
64 41 63
64 45 57
64 50 65
64 51 65
64 52 55
64 54 78
64 55 55
64 58 59
64 59 72
64 60 68
64 63 73
64 65 57
64 77 74
64 78 59
64 82 56
64 83 58
64 84 64
64 87 66
64 89 51
64 97 43
64 99 63
65 3 44
65 4 63
65 5 55
65 10 71
65 11 67
65 14 44
65 18 44
65 19 58
65 22 79
65 26 73
65 28 48
65 29 40
65 32 74
65 33 71
65 34 61
65 35 74
65 36 53
65 40 65
65 41 68
65 42 72
65 44 72
65 47 53
65 48 59
65 49 57
65 53 44
65 56 72
65 57 61
65 58 51
65 60 49
65 61 63
65 62 70
65 64 57
65 66 66
65 67 40
65 70 49
65 71 40
65 73 68
65 75 76
65 77 59
65 80 47
65 83 57
65 85 52
65 88 56
65 90 63
65 92 57
65 98 72
66 2 70
66 3 56
66 6 71
66 7 42
66 8 61
66 9 41
66 13 50
66 15 68
66 16 80
66 20 80
66 23 59
66 28 51
66 29 48
66 31 43
66 34 50
66 37 70
66 39 44
66 40 76
66 42 62
66 43 51
66 46 79
66 48 53
66 50 72
66 54 61
66 58 53
66 59 63
66 60 54
66 61 44
66 62 49
66 65 66
66 68 68
66 73 58
66 75 76
66 80 60
66 82 53
66 84 40
66 86 55
66 87 64
66 94 73
66 98 56
66 99 72
67 1 42
67 3 51
67 5 71
67 6 79
67 7 73
67 12 79
67 13 67
67 14 52
67 18 49
67 19 77
67 22 47
67 26 46
67 27 43
67 31 76
67 32 76
67 35 77
67 36 73
67 38 57
67 39 57
67 41 47
67 42 73
67 45 51
67 46 77
67 47 69
67 48 55
67 50 80
67 51 79
67 55 66
67 57 45
67 59 78
67 60 42
67 61 45
67 62 64
67 63 77
67 65 40
67 68 57
67 70 43
67 77 57
67 78 75
67 79 65
67 81 71
67 83 74
67 88 76
67 89 45
67 90 51
67 91 71
67 92 59
67 93 47
67 96 67
67 98 74
68 1 69
68 2 63
68 4 44
68 6 75
68 8 54
68 10 68
68 12 68
68 16 49
68 19 55
68 28 52
68 30 41
68 35 57
68 42 57
68 43 49
68 45 55
68 47 45
68 48 75
68 49 56
68 51 73
68 53 52
68 58 65
68 61 58
68 66 68
68 67 57
68 71 51
68 72 77
68 74 77
68 77 51
68 78 68
68 83 66
68 85 78
68 88 64
68 93 59
68 94 65
68 96 73
68 97 41
68 98 73
68 99 73
69 1 75
69 4 73
69 9 47
69 10 45
69 11 48
69 12 42
69 13 75
69 16 64
69 17 67
69 20 51
69 21 73
69 22 58
69 23 66
69 26 67
69 28 77
69 33 72
69 35 73
69 37 75
69 42 71
69 44 60
69 46 66
69 49 66
69 50 66
69 51 71
69 55 66
69 57 61
69 59 42
69 60 63
69 62 44
69 63 61
69 70 42
69 71 50
69 73 50
69 74 62
69 75 69
69 77 65
69 78 43
69 80 75
69 81 79
69 83 57
69 84 40
69 85 80
69 89 71
69 92 56
69 96 65
70 1 68
70 2 67
70 8 48
70 12 65
70 16 44
70 19 78
70 22 41
70 26 43
70 27 45
70 28 65
70 29 51
70 30 42
70 31 60
70 32 80
70 33 80
70 38 50
70 43 42
70 44 77
70 46 44
70 47 44
70 53 74
70 55 63
70 56 45
70 58 63
70 65 49
70 67 43
70 69 42
70 72 46
70 73 68
70 75 50
70 76 44
70 80 80
70 82 63
70 83 60
70 84 43
70 86 54
70 89 72
70 90 78
70 91 67
70 94 73
70 96 56
71 1 46
71 3 54
71 5 73
71 7 43
71 14 71
71 15 73
71 24 58
71 25 73
71 26 70
71 27 72
71 31 73
71 33 79
71 34 61
71 39 58
71 40 72
71 41 69
71 42 52
71 49 77
71 50 68
71 51 73
71 52 73
71 53 43
71 56 53
71 57 59
71 58 66
71 59 76
71 61 57
71 62 50
71 65 40
71 68 51
71 69 50
71 73 61
71 78 51
71 81 69
71 85 58
71 88 51
71 89 59
71 90 80
71 92 57
71 93 71
71 94 68
71 96 78
71 99 71
72 1 41
72 2 71
72 4 44
72 6 50
72 12 60
72 16 57
72 18 58
72 21 73
72 24 80
72 25 48
72 32 77
72 33 60
72 34 80
72 36 74
72 42 74
72 43 71
72 45 77
72 47 67
72 48 80
72 52 76
72 54 52
72 55 40
72 58 51
72 60 71
72 62 58
72 68 77
72 70 46
72 73 66
72 74 80
72 82 78
72 87 54
72 92 42
72 96 54
73 3 78
73 5 67
73 9 52
73 10 62
73 11 76
73 12 71
73 13 68
73 15 67
73 16 71
73 17 77
73 18 76
73 23 58
73 24 72
73 25 66
73 26 67
73 28 61
73 33 80
73 34 68
73 36 44
73 38 79
73 39 61
73 42 59
73 46 52
73 49 45
73 51 45
73 55 64
73 57 57
73 58 46
73 60 44
73 61 78
73 63 62
73 65 68
73 66 58
73 69 50
73 70 68
73 71 61
73 72 66
73 74 48
73 77 70
73 81 75
73 84 42
73 87 57
73 88 51
73 89 67
73 90 77
73 91 50
73 92 44
73 95 51
73 97 51
73 98 54
74 2 52
74 4 52
74 5 77
74 11 69
74 14 52
74 17 80
74 18 69
74 20 72
74 22 76
74 25 65
74 28 62
74 29 54
74 30 50
74 32 53
74 35 71
74 37 43
74 39 79
74 43 70
74 44 59
74 45 47
74 49 68
74 50 62
74 52 57
74 56 55
74 57 41
74 60 53
74 63 62
74 68 77
74 69 62
74 72 80
74 73 48
74 75 69
74 80 67
74 81 71
74 84 50
74 92 44
74 93 75
74 94 62
74 95 55
74 99 55
75 2 57
75 4 67
75 10 77
75 11 51
75 14 40
75 18 59
75 19 60
75 23 80
75 24 66
75 25 65
75 26 55
75 27 41
75 28 40
75 29 44
75 30 75
75 32 78
75 34 73
75 35 57
75 40 54
75 41 53
75 44 74
75 47 54
75 48 76
75 50 56
75 52 42
75 53 56
75 55 63
75 56 50
75 57 78
75 59 75
75 61 49
75 62 65
75 65 76
75 66 76
75 69 69
75 70 50
75 74 69
75 77 41
75 79 61
75 84 72
75 85 70
75 86 41
75 87 65
75 90 51
75 91 69
75 93 61
75 96 74
75 97 69
75 98 60
76 3 59
76 4 63
76 7 65
76 9 70
76 11 47
76 14 52
76 20 47
76 21 48
76 25 52
76 26 51
76 27 70
76 29 46
76 31 51
76 35 66
76 39 57
76 41 58
76 42 79
76 45 68
76 50 65
76 54 73
76 58 72
76 62 73
76 70 44
76 78 44
76 81 45
76 93 67
76 94 41
77 3 55
77 4 44
77 6 44
77 10 79
77 14 48
77 18 64
77 20 76
77 22 75
77 25 50
77 26 53
77 27 75
77 29 49
77 30 70
77 34 49
77 38 79
77 39 58
77 40 67
77 47 55
77 51 69
77 53 40
77 56 61
77 57 76
77 58 47
77 59 67
77 60 40
77 62 58
77 63 52
77 64 74
77 65 59
77 67 57
77 68 51
77 69 65
77 73 70
77 75 41
77 78 54
77 79 50
77 83 78
77 87 44
77 88 64
77 92 50
77 93 75
77 96 68
77 99 54
78 1 76
78 5 74
78 8 42
78 10 74
78 13 75
78 15 65
78 17 47
78 18 62
78 19 73
78 22 66
78 23 68
78 25 71
78 27 78
78 29 55
78 31 68
78 32 77
78 34 74
78 37 55
78 39 55
78 43 75
78 45 59
78 48 40
78 53 72
78 54 65
78 55 56
78 57 55
78 63 78
78 64 59
78 67 75
78 68 68
78 69 43
78 71 51
78 76 44
78 77 54
78 86 76
78 89 73
78 92 41
78 93 55
78 97 73
78 98 48
78 99 70
79 1 80
79 3 80
79 5 69
79 13 40
79 16 46
79 17 80
79 19 45
79 22 77
79 25 69
79 26 71
79 27 41
79 31 45
79 35 55
79 38 72
79 41 79
79 46 54
79 47 74
79 48 79
79 49 42
79 50 42
79 54 60
79 55 50
79 56 54
79 62 64
79 63 69
79 67 65
79 75 61
79 77 50
79 81 76
79 85 47
79 96 77
79 98 72
79 99 58
80 3 71
80 4 58
80 6 71
80 10 40
80 13 66
80 14 64
80 16 53
80 18 49
80 20 78
80 22 79
80 24 44
80 27 76
80 29 55
80 31 70
80 32 58
80 35 62
80 36 76
80 39 75
80 42 59
80 44 53
80 45 50
80 46 56
80 48 69
80 50 71
80 51 58
80 53 44
80 55 72
80 57 49
80 59 60
80 60 56
80 65 47
80 66 60
80 69 75
80 70 80
80 74 67
80 81 52
80 83 71
80 85 68
80 86 72
80 87 70
80 89 41
80 94 76
80 97 58
81 2 61
81 7 57
81 9 42
81 11 61
81 12 74
81 13 48
81 14 58
81 16 48
81 19 53
81 20 57
81 23 41
81 27 59
81 29 68
81 30 74
81 32 42
81 33 55
81 36 62
81 38 67
81 44 67
81 51 52
81 57 61
81 59 43
81 61 58
81 63 61
81 67 71
81 69 79
81 71 69
81 73 75
81 74 71
81 76 45
81 79 76
81 80 52
81 83 71
81 86 69
81 90 75
81 96 51
81 97 67
81 99 61
82 1 78
82 3 57
82 4 73
82 7 55
82 9 55
82 10 71
82 13 45
82 15 61
82 16 50
82 20 41
82 21 52
82 22 51
82 23 59
82 25 66
82 26 73
82 27 53
82 29 52
82 30 62
82 31 48
82 32 77
82 35 73
82 36 52
82 37 41
82 38 79
82 41 40
82 42 48
82 45 78
82 48 74
82 52 59
82 54 59
82 55 66
82 57 77
82 61 51
82 62 57
82 64 56
82 66 53
82 70 63
82 72 78
82 83 76
82 84 76
82 87 48
82 90 46
82 93 79
82 97 58
83 3 46
83 5 47
83 11 61
83 12 67
83 16 80
83 18 63
83 22 78
83 23 45
83 24 57
83 29 47
83 30 66
83 32 76
83 43 78
83 48 48
83 52 58
83 54 78
83 55 53
83 56 60
83 57 78
83 59 53
83 60 62
83 61 56
83 62 44
83 64 58
83 65 57
83 67 74
83 68 66
83 69 57
83 70 60
83 77 78
83 80 71
83 81 71
83 82 76
83 85 66
83 89 58
83 90 53
83 91 62
83 94 53
83 95 50
83 99 62
84 2 60
84 5 70
84 11 61
84 12 56
84 13 77
84 14 47
84 17 79
84 18 80
84 19 48
84 20 46
84 22 56
84 27 67
84 28 54
84 31 43
84 33 70
84 37 56
84 39 66
84 45 45
84 49 41
84 50 55
84 54 68
84 56 54
84 58 45
84 61 65
84 62 44
84 64 64
84 66 40
84 69 40
84 70 43
84 73 42
84 74 50
84 75 72
84 82 76
84 85 69
84 87 71
84 88 40
84 90 61
84 93 64
84 95 40
84 98 65
84 99 70
85 1 65
85 3 54
85 4 70
85 5 49
85 8 52
85 12 78
85 13 47
85 17 77
85 18 43
85 23 56
85 25 49
85 28 44
85 31 50
85 32 52
85 34 42
85 36 77
85 39 78
85 40 66
85 41 73
85 53 48
85 54 54
85 55 70
85 56 71
85 57 72
85 60 49
85 61 71
85 62 55
85 65 52
85 68 78
85 69 80
85 71 58
85 75 70
85 79 47
85 80 68
85 83 66
85 84 69
85 86 65
85 87 75
85 89 78
85 90 51
85 92 79
85 94 52
85 97 74
85 98 48
85 99 44
86 1 55
86 3 80
86 9 59
86 10 80
86 13 62
86 16 65
86 18 70
86 19 53
86 24 57
86 26 53
86 27 40
86 28 62
86 29 71
86 31 76
86 33 61
86 38 78
86 42 42
86 49 76
86 52 58
86 54 70
86 57 63
86 58 64
86 61 67
86 66 55
86 70 54
86 75 41
86 78 76
86 80 72
86 81 69
86 85 65
86 88 52
86 89 68
86 90 75
86 91 64
86 93 77
86 94 73
86 96 44
86 99 57
87 5 57
87 8 43
87 12 61
87 19 61
87 20 42
87 23 54
87 24 76
87 27 62
87 28 65
87 36 50
87 37 47
87 43 73
87 44 54
87 45 75
87 46 57
87 47 40
87 51 54
87 52 67
87 54 79
87 58 54
87 60 71
87 64 66
87 66 64
87 72 54
87 73 57
87 75 65
87 77 44
87 80 70
87 82 48
87 84 71
87 85 75
87 88 57
87 91 65
87 94 43
88 2 68
88 6 56
88 15 76
88 16 45
88 20 68
88 22 58
88 25 56
88 28 73
88 30 57
88 31 76
88 37 49
88 39 70
88 42 63
88 44 43
88 46 52
88 47 51
88 48 46
88 50 56
88 51 68
88 52 58
88 53 73
88 57 54
88 58 70
88 60 46
88 62 60
88 65 56
88 67 76
88 68 64
88 71 51
88 73 51
88 77 64
88 84 40
88 86 52
88 87 57
88 92 60
88 93 66
88 96 67
88 99 73
89 1 68
89 2 52
89 3 40
89 5 42
89 6 51
89 10 61
89 17 55
89 20 70
89 23 40
89 24 74
89 26 71
89 29 77
89 34 52
89 35 66
89 38 41
89 39 78
89 40 48
89 42 57
89 45 60
89 49 80
89 50 40
89 51 79
89 52 63
89 53 80
89 55 53
89 57 64
89 58 72
89 61 58
89 64 51
89 67 45
89 69 71
89 70 72
89 71 59
89 73 67
89 78 73
89 80 41
89 83 58
89 85 78
89 86 68
89 92 61
89 95 40
89 97 47
89 99 63
90 3 73
90 5 80
90 7 62
90 8 74
90 9 46
90 15 43
90 18 49
90 19 66
90 20 67
90 21 48
90 23 72
90 25 41
90 28 71
90 29 52
90 30 52
90 31 48
90 32 47
90 34 43
90 35 64
90 36 46
90 38 70
90 42 58
90 44 54
90 45 46
90 51 45
90 53 75
90 54 71
90 58 71
90 59 69
90 60 69
90 63 64
90 65 63
90 67 51
90 70 78
90 71 80
90 73 77
90 75 51
90 81 75
90 82 46
90 83 53
90 84 61
90 85 51
90 86 75
90 91 78
91 3 50
91 8 59
91 9 49
91 10 47
91 12 60
91 15 68
91 17 45
91 19 43
91 20 43
91 26 43
91 27 74
91 28 49
91 32 63
91 33 55
91 37 58
91 38 72
91 41 68
91 50 70
91 52 61
91 53 58
91 56 41
91 57 76
91 59 41
91 61 60
91 67 71
91 70 67
91 73 50
91 75 69
91 83 62
91 86 64
91 87 65
91 90 78
91 93 74
91 94 66
91 95 57
91 98 41
92 5 66
92 7 75
92 10 44
92 11 58
92 13 65
92 14 67
92 16 40
92 21 79
92 22 76
92 23 67
92 24 70
92 25 49
92 26 54
92 27 72
92 28 51
92 29 80
92 31 47
92 32 79
92 33 51
92 34 68
92 38 68
92 40 54
92 44 75
92 46 59
92 47 56
92 55 58
92 59 69
92 60 48
92 61 70
92 62 65
92 63 50
92 65 57
92 67 59
92 69 56
92 71 57
92 72 42
92 73 44
92 74 44
92 77 50
92 78 41
92 85 79
92 88 60
92 89 61
92 93 49
92 95 53
92 96 58
92 98 50
93 1 42
93 2 68
93 4 65
93 6 72
93 11 75
93 16 51
93 17 41
93 23 50
93 24 42
93 25 49
93 29 61
93 33 61
93 36 72
93 38 48
93 41 59
93 45 44
93 46 40
93 48 44
93 50 50
93 53 79
93 58 56
93 67 47
93 68 59
93 71 71
93 74 75
93 75 61
93 76 67
93 77 75
93 78 55
93 82 79
93 84 64
93 86 77
93 88 66
93 91 74
93 92 49
93 98 70
94 2 40
94 5 68
94 7 53
94 9 67
94 14 76
94 15 60
94 16 69
94 21 58
94 22 43
94 23 69
94 24 74
94 26 77
94 28 52
94 31 51
94 38 69
94 42 55
94 44 73
94 46 57
94 48 63
94 51 50
94 52 69
94 53 42
94 56 66
94 59 55
94 63 57
94 66 73
94 68 65
94 70 73
94 71 68
94 74 62
94 76 41
94 80 76
94 83 53
94 85 52
94 86 73
94 87 43
94 91 66
94 98 77
95 2 54
95 4 60
95 5 75
95 8 71
95 9 75
95 14 76
95 16 71
95 17 61
95 18 60
95 20 66
95 22 66
95 23 51
95 28 65
95 31 64
95 34 80
95 35 63
95 37 76
95 40 58
95 41 59
95 46 76
95 50 80
95 52 59
95 54 62
95 55 66
95 56 68
95 57 76
95 59 73
95 62 62
95 73 51
95 74 55
95 83 50
95 84 40
95 89 40
95 91 57
95 92 53
96 2 54
96 6 44
96 11 63
96 14 56
96 16 48
96 19 66
96 20 79
96 23 73
96 24 75
96 28 72
96 31 76
96 33 54
96 36 69
96 41 54
96 42 74
96 44 51
96 49 73
96 50 72
96 52 61
96 56 68
96 57 77
96 58 41
96 60 75
96 62 56
96 63 65
96 67 67
96 68 73
96 69 65
96 70 56
96 71 78
96 72 54
96 75 74
96 77 68
96 79 77
96 81 51
96 86 44
96 88 67
96 92 58
97 1 51
97 7 72
97 9 45
97 12 41
97 14 42
97 21 52
97 24 40
97 29 40
97 34 40
97 35 60
97 38 73
97 40 45
97 45 74
97 51 50
97 52 43
97 53 68
97 54 40
97 57 68
97 61 61
97 64 43
97 68 41
97 73 51
97 75 69
97 78 73
97 80 58
97 81 67
97 82 58
97 85 74
97 89 47
97 98 48
98 1 45
98 8 42
98 9 43
98 12 55
98 15 48
98 16 78
98 17 73
98 18 76
98 23 45
98 26 66
98 27 55
98 31 64
98 34 55
98 35 50
98 38 45
98 39 61
98 41 66
98 44 54
98 45 60
98 46 69
98 57 45
98 61 56
98 62 53
98 63 67
98 65 72
98 66 56
98 67 74
98 68 73
98 73 54
98 75 60
98 78 48
98 79 72
98 84 65
98 85 48
98 91 41
98 92 50
98 93 70
98 94 77
98 97 48
2 t 60
3 t 43
6 t 55
7 t 40
11 t 49
13 t 50
17 t 43
18 t 61
19 t 64
21 t 57
30 t 41
32 t 41
34 t 50
35 t 67
37 t 63
39 t 67
40 t 60
44 t 68
45 t 61
51 t 70
56 t 56
58 t 53
59 t 51
60 t 47
61 t 59
64 t 63
66 t 72
68 t 73
71 t 71
74 t 55
77 t 54
78 t 70
79 t 58
81 t 61
83 t 62
84 t 70
85 t 44
86 t 57
88 t 73
89 t 63
