s 3 10
s 5 24
s 6 13
s 8 9
s 11 4
s 12 14
s 14 37
s 20 29
s 21 23
s 22 12
s 23 40
s 26 28
s 28 34
s 29 39
s 30 6
s 39 22
s 43 12
s 48 12
s 49 23
s 50 23
s 51 28
s 54 20
s 55 16
s 56 25
s 60 26
s 64 5
s 69 6
s 71 2
s 72 1
s 73 13
s 75 40
s 76 35
s 77 14
s 78 38
s 82 16
s 85 5
s 86 24
s 88 31
s 93 6
s 95 7
s 98 30
s 99 20
1 2 16
1 5 14
1 7 14
1 8 24
1 11 1
1 16 29
1 21 9
1 23 13
1 25 22
1 26 40
1 27 1
1 28 30
1 29 17
1 32 29
1 36 22
1 37 30
1 39 35
1 41 24
1 42 25
1 44 34
1 45 22
1 46 39
1 48 12
1 54 17
1 55 18
1 57 1
1 60 18
1 62 13
1 63 12
1 64 40
1 66 4
1 67 37
1 72 3
1 76 14
1 78 19
1 83 32
1 86 38
1 87 32
1 91 34
1 92 19
1 95 27
1 96 34
1 98 39
1 99 17
2 1 16
2 6 1
2 7 33
2 8 36
2 9 33
2 10 21
2 11 8
2 16 23
2 17 30
2 18 1
2 20 21
2 22 21
2 23 5
2 25 33
2 27 12
2 28 12
2 30 10
2 33 38
2 36 2
2 39 39
2 44 30
2 45 1
2 47 7
2 49 18
2 50 31
2 51 5
2 52 9
2 53 36
2 55 6
2 56 10
2 59 34
2 61 29
2 62 11
2 65 4
2 66 30
2 67 33
2 68 29
2 70 15
2 71 1
2 75 17
2 77 18
2 81 7
2 83 3
2 84 27
2 85 29
2 86 7
2 88 17
2 93 39
2 94 19
2 96 7
2 98 15
3 4 16
3 5 3
3 8 20
3 15 3
3 19 8
3 20 16
3 21 2
3 23 40
3 25 15
3 28 39
3 29 2
3 30 30
3 32 33
3 33 38
3 34 40
3 35 17
3 36 16
3 41 14
3 43 5
3 45 36
3 46 21
3 49 6
3 50 25
3 51 17
3 54 24
3 56 27
3 57 1
3 58 21
3 60 17
3 61 26
3 63 11
3 64 35
3 65 27
3 66 12
3 67 23
3 74 6
3 76 13
3 78 36
3 79 4
3 84 25
3 85 31
3 86 21
3 89 13
3 90 3
3 95 28
3 98 40
4 3 16
4 5 36
4 9 25
4 10 35
4 11 20
4 13 6
4 15 15
4 17 38
4 18 26
4 19 17
4 20 38
4 25 26
4 28 10
4 30 40
4 31 6
4 35 22
4 36 29
4 41 29
4 43 30
4 44 13
4 45 9
4 47 19
4 49 2
4 50 34
4 54 4
4 55 12
4 56 29
4 57 8
4 58 4
4 60 24
4 61 6
4 62 39
4 63 20
4 64 36
4 66 4
4 69 35
4 70 24
4 71 1
4 73 14
4 74 1
4 77 34
4 78 12
4 80 31
4 82 20
4 86 8
4 97 28
4 99 22
5 1 14
5 3 3
5 4 36
5 9 24
5 10 37
5 11 24
5 12 39
5 16 2
5 17 29
5 22 1
5 23 10
5 24 40
5 25 19
5 28 4
5 29 14
5 32 6
5 33 24
5 34 8
5 38 32
5 39 20
5 40 14
5 41 2
5 43 31
5 44 25
5 45 30
5 46 16
5 48 10
5 50 23
5 52 20
5 53 15
5 54 36
5 55 33
5 56 8
5 57 21
5 59 35
5 63 23
5 65 38
5 66 32
5 68 36
5 69 34
5 73 37
5 74 4
5 75 15
5 76 12
5 77 9
5 78 28
5 79 28
5 81 34
5 83 21
5 84 2
5 86 23
5 91 37
5 93 14
5 95 7
5 96 2
5 97 23
6 2 1
6 8 37
6 10 24
6 11 11
6 12 3
6 17 38
6 18 3
6 19 27
6 20 38
6 22 7
6 26 33
6 28 11
6 33 16
6 35 17
6 36 23
6 39 7
6 42 20
6 44 9
6 46 2
6 47 3
6 50 35
6 51 36
6 52 35
6 53 28
6 54 35
6 58 28
6 59 16
6 62 2
6 64 14
6 67 32
6 70 4
6 71 38
6 72 9
6 73 27
6 75 23
6 79 22
6 80 21
6 82 17
6 83 32
6 85 29
6 86 29
6 87 4
6 88 19
6 90 28
6 91 15
6 99 37
7 1 14
7 2 33
7 8 19
7 9 35
7 13 14
7 14 14
7 17 12
7 18 9
7 21 38
7 25 20
7 27 31
7 28 23
7 29 22
7 32 27
7 33 40
7 34 11
7 35 16
7 37 16
7 38 39
7 40 23
7 42 21
7 43 18
7 44 10
7 45 18
7 46 12
7 47 20
7 48 34
7 51 3
7 53 3
7 61 10
7 62 17
7 65 34
7 68 10
7 70 36
7 71 14
7 72 26
7 73 39
7 74 31
7 75 39
7 76 14
7 81 21
7 83 37
7 85 10
7 86 3
7 88 5
7 89 32
7 90 31
7 91 39
7 92 39
7 95 6
7 96 14
7 97 30
7 99 16
8 1 24
8 2 36
8 3 20
8 6 37
8 7 19
8 9 11
8 10 5
8 12 17
8 14 22
8 15 30
8 16 12
8 19 38
8 21 32
8 25 40
8 27 39
8 28 20
8 29 33
8 31 25
8 33 11
8 34 15
8 36 13
8 37 22
8 39 32
8 40 39
8 41 22
8 42 38
8 48 36
8 50 34
8 54 7
8 57 5
8 59 12
8 60 3
8 62 9
8 63 5
8 64 3
8 66 23
8 68 9
8 69 24
8 70 37
8 73 23
8 74 4
8 77 11
8 78 25
8 80 27
8 81 36
8 82 29
8 86 40
8 87 32
8 88 26
8 90 2
8 91 31
8 93 1
8 98 10
9 2 33
9 4 25
9 5 24
9 7 35
9 8 11
9 10 36
9 11 32
9 12 15
9 14 40
9 15 34
9 17 28
9 19 1
9 20 5
9 21 9
9 22 38
9 23 20
9 24 14
9 26 29
9 27 18
9 28 25
9 31 37
9 32 12
9 33 19
9 34 4
9 39 30
9 44 28
9 46 19
9 49 2
9 53 40
9 55 12
9 57 15
9 59 26
9 61 2
9 69 37
9 70 31
9 71 7
9 74 34
9 75 26
9 77 27
9 78 28
9 82 28
9 83 1
9 84 7
9 85 7
9 86 30
9 88 40
9 89 13
9 90 8
9 94 20
9 95 30
9 96 17
9 97 25
9 99 4
10 2 21
10 4 35
10 5 37
10 6 24
10 8 5
10 9 36
10 11 17
10 12 25
10 13 6
10 18 27
10 19 12
10 20 9
10 23 18
10 24 10
10 25 25
10 27 5
10 28 1
10 29 27
10 30 26
10 31 10
10 33 1
10 38 29
10 40 34
10 42 1
10 46 5
10 47 21
10 49 31
10 50 2
10 51 23
10 52 22
10 55 35
10 57 11
10 61 27
10 63 18
10 64 2
10 69 4
10 71 32
10 74 39
10 78 2
10 81 38
10 82 11
10 83 21
10 84 7
10 87 17
10 89 14
10 90 33
10 91 14
10 92 19
10 94 5
10 96 33
10 97 35
10 98 8
11 1 1
11 2 8
11 4 20
11 5 24
11 6 11
11 9 32
11 10 17
11 12 1
11 14 36
11 16 28
11 17 17
11 22 40
11 23 12
11 27 24
11 30 15
11 31 15
11 33 38
11 34 35
11 36 2
11 38 13
11 39 18
11 40 17
11 41 13
11 43 3
11 44 2
11 45 38
11 46 27
11 50 5
11 52 14
11 54 4
11 56 11
11 58 34
11 59 6
11 60 17
11 62 10
11 63 26
11 68 20
11 69 17
11 70 29
11 72 21
11 75 22
11 79 31
11 80 37
11 81 7
11 84 9
11 86 32
11 88 12
11 89 33
11 90 32
11 93 31
11 94 16
11 95 30
11 98 29
12 5 39
12 6 3
12 8 17
12 9 15
12 10 25
12 11 1
12 13 7
12 14 7
12 15 7
12 18 31
12 21 22
12 23 40
12 24 7
12 26 30
12 27 31
12 28 35
12 29 13
12 33 14
12 34 32
12 37 39
12 39 28
12 41 7
12 42 2
12 46 36
12 49 36
12 51 11
12 54 36
12 55 4
12 58 25
12 61 31
12 62 5
12 63 14
12 64 38
12 65 15
12 69 10
12 72 8
12 80 5
12 82 40
12 83 33
12 84 13
12 88 30
12 89 11
12 91 19
12 92 32
12 95 6
12 96 2
12 97 3
13 4 6
13 7 14
13 10 6
13 12 7
13 14 26
13 15 33
13 16 40
13 18 13
13 21 2
13 25 36
13 27 4
13 31 31
13 32 38
13 33 6
13 35 33
13 37 23
13 38 18
13 42 34
13 43 13
13 47 22
13 49 13
13 52 27
13 54 39
13 55 11
13 58 1
13 59 27
13 60 9
13 61 28
13 62 3
13 64 6
13 69 11
13 70 25
13 72 11
13 73 23
13 79 15
13 82 31
13 83 6
13 86 24
13 87 34
13 89 27
13 93 34
13 94 11
13 96 2
14 7 14
14 8 22
14 9 40
14 11 36
14 12 7
14 13 26
14 15 39
14 17 1
14 18 37
14 19 21
14 21 27
14 22 5
14 24 6
14 25 10
14 26 38
14 27 2
14 28 18
14 29 19
14 31 20
14 35 18
14 38 11
14 39 18
14 40 39
14 41 2
14 44 35
14 47 20
14 48 14
14 49 7
14 50 26
14 51 37
14 53 22
14 54 27
14 55 8
14 56 29
14 59 26
14 60 31
14 62 18
14 63 11
14 65 40
14 66 28
14 67 24
14 68 23
14 70 19
14 73 38
14 77 14
14 83 22
14 86 24
14 87 25
14 88 25
14 92 31
14 94 6
14 97 39
14 99 1
15 3 3
15 4 15
15 8 30
15 9 34
15 12 7
15 13 33
15 14 39
15 17 20
15 19 10
15 20 9
15 21 25
15 22 31
15 23 24
15 24 12
15 27 27
15 34 23
15 35 23
15 36 23
15 37 5
15 38 24
15 40 37
15 41 18
15 42 21
15 44 8
15 45 5
15 50 34
15 52 5
15 54 34
15 56 27
15 59 36
15 61 23
15 62 36
15 63 4
15 65 35
15 66 12
15 70 27
15 75 24
15 82 24
15 83 18
15 84 26
15 85 25
15 87 4
15 89 13
15 91 5
15 92 13
15 95 2
15 96 17
15 97 12
15 98 20
15 99 6
16 1 29
16 2 23
16 5 2
16 8 12
16 11 28
16 13 40
16 17 1
16 18 18
16 25 11
16 26 22
16 28 10
16 32 9
16 33 18
16 34 37
16 37 34
16 38 2
16 40 24
16 41 31
16 45 29
16 46 8
16 47 10
16 48 31
16 50 32
16 52 10
16 54 39
16 55 32
16 59 20
16 62 26
16 64 2
16 65 26
16 66 2
16 68 17
16 70 33
16 73 9
16 75 16
16 77 38
16 78 20
16 80 20
16 82 24
16 84 5
16 85 29
16 93 27
16 96 32
16 97 38
16 98 10
17 2 30
17 4 38
17 5 29
17 6 38
17 7 12
17 9 28
17 11 17
17 14 1
17 15 20
17 16 1
17 20 23
17 22 8
17 23 17
17 24 30
17 26 18
17 33 17
17 36 8
17 37 10
17 38 36
17 42 1
17 48 3
17 49 5
17 52 8
17 55 25
17 62 10
17 64 30
17 65 28
17 66 1
17 68 14
17 69 34
17 71 10
17 73 14
17 74 26
17 75 28
17 78 15
17 80 15
17 81 11
17 83 26
17 85 23
17 87 29
17 94 19
17 95 21
17 96 5
17 97 38
17 98 27
18 2 1
18 4 26
18 6 3
18 7 9
18 10 27
18 12 31
18 13 13
18 14 37
18 16 18
18 19 12
18 20 18
18 21 31
18 24 1
18 27 26
18 28 25
18 32 10
18 34 35
18 35 26
18 42 1
18 45 24
18 46 17
18 47 5
18 49 15
18 50 17
18 51 31
18 56 40
18 57 18
18 58 34
18 60 3
18 61 22
18 65 10
18 67 26
18 71 8
18 72 2
18 73 38
18 78 19
18 79 4
18 80 15
18 83 34
18 84 24
18 85 37
18 89 33
18 90 36
18 91 37
18 97 19
18 98 1
18 99 6
19 3 8
19 4 17
19 6 27
19 8 38
19 9 1
19 10 12
19 14 21
19 15 10
19 18 12
19 24 23
19 25 15
19 29 5
19 30 7
19 32 14
19 33 39
19 34 5
19 36 7
19 37 16
19 39 18
19 40 3
19 41 16
19 43 30
19 45 12
19 46 35
19 48 21
19 49 33
19 50 23
19 54 17
19 58 20
19 60 26
19 61 29
19 62 17
19 67 12
19 68 21
19 69 32
19 70 10
19 71 6
19 73 18
19 75 21
19 76 28
19 80 40
19 83 21
19 86 1
19 88 23
19 89 8
19 90 7
19 91 18
19 94 21
19 97 32
19 99 17
20 2 21
20 3 16
20 4 38
20 6 38
20 9 5
20 10 9
20 15 9
20 17 23
20 18 18
20 22 16
20 24 10
20 25 38
20 26 4
20 27 13
20 28 38
20 31 35
20 32 11
20 33 16
20 35 35
20 36 16
20 39 23
20 43 28
20 45 27
20 47 38
20 49 37
20 53 40
20 54 38
20 58 1
20 60 21
20 63 13
20 68 14
20 69 39
20 70 21
20 73 23
20 75 7
20 76 20
20 81 24
20 84 26
20 85 20
20 87 38
20 90 13
20 91 11
20 92 5
20 94 31
20 95 3
20 97 15
20 99 16
21 1 9
21 3 2
21 7 38
21 8 32
21 9 9
21 12 22
21 13 2
21 14 27
21 15 25
21 18 31
21 22 27
21 23 19
21 26 22
21 28 6
21 29 18
21 31 30
21 32 15
21 33 34
21 35 27
21 36 32
21 37 28
21 38 6
21 41 5
21 42 32
21 43 5
21 44 29
21 45 28
21 47 7
21 48 15
21 50 9
21 53 19
21 55 8
21 56 17
21 59 7
21 62 21
21 67 16
21 68 7
21 69 7
21 70 22
21 71 8
21 72 27
21 74 33
21 75 37
21 79 13
21 80 4
21 82 12
21 85 23
21 86 24
21 87 11
21 90 4
21 92 10
22 2 21
22 5 1
22 6 7
22 9 38
22 11 40
22 14 5
22 15 31
22 17 8
22 20 16
22 21 27
22 23 5
22 25 31
22 27 20
22 28 23
22 30 28
22 32 10
22 35 36
22 37 22
22 38 16
22 40 38
22 45 25
22 48 12
22 49 12
22 51 6
22 56 15
22 57 28
22 58 34
22 59 6
22 61 7
22 63 9
22 65 30
22 66 23
22 67 9
22 68 38
22 69 13
22 70 34
22 72 14
22 73 32
22 77 30
22 78 11
22 79 11
22 81 35
22 83 22
22 84 7
22 90 12
22 92 29
22 93 21
22 96 36
22 97 35
23 1 13
23 2 5
23 3 40
23 5 10
23 9 20
23 10 18
23 11 12
23 12 40
23 15 24
23 17 17
23 21 19
23 22 5
23 25 28
23 26 38
23 27 14
23 28 26
23 29 26
23 30 37
23 32 27
23 34 8
23 38 4
23 42 11
23 44 40
23 47 37
23 48 33
23 50 27
23 51 27
23 52 2
23 53 17
23 54 19
23 57 31
23 58 22
23 59 28
23 60 7
23 63 38
23 64 23
23 65 13
23 67 1
23 69 29
23 71 21
23 72 25
23 74 28
23 75 29
23 76 6
23 77 1
23 79 34
23 80 29
23 82 27
23 92 40
23 94 17
23 96 28
23 97 31
24 5 40
24 9 14
24 10 10
24 12 7
24 14 6
24 15 12
24 17 30
24 18 1
24 19 23
24 20 10
24 26 23
24 27 31
24 29 26
24 30 31
24 31 7
24 32 39
24 33 3
24 35 32
24 38 2
24 40 27
24 42 18
24 43 25
24 44 1
24 48 21
24 49 17
24 50 40
24 54 17
24 55 4
24 56 21
24 58 12
24 61 33
24 62 8
24 63 33
24 64 7
24 71 3
24 72 30
24 73 15
24 74 21
24 75 15
24 77 34
24 78 9
24 80 16
24 81 30
24 85 31
24 87 25
24 88 14
24 91 20
24 92 32
24 93 34
24 95 23
24 96 26
24 97 30
25 1 22
25 2 33
25 3 15
25 4 26
25 5 19
25 7 20
25 8 40
25 10 25
25 13 36
25 14 10
25 16 11
25 19 15
25 20 38
25 22 31
25 23 28
25 27 17
25 31 35
25 32 18
25 34 5
25 35 18
25 37 18
25 39 19
25 40 8
25 41 18
25 45 28
25 46 23
25 48 3
25 49 30
25 51 33
25 53 35
25 55 14
25 56 37
25 58 37
25 59 8
25 64 12
25 66 12
25 67 17
25 68 16
25 71 5
25 73 19
25 74 17
25 77 10
25 80 12
25 83 18
25 84 23
25 85 19
25 86 14
25 87 19
25 88 40
25 92 15
25 93 31
25 97 4
26 1 40
26 6 33
26 9 29
26 12 30
26 14 38
26 16 22
26 17 18
26 20 4
26 21 22
26 23 38
26 24 23
26 28 2
26 29 11
26 32 33
26 35 23
26 42 8
26 45 32
26 46 35
26 50 10
26 51 6
26 52 11
26 53 4
26 56 20
26 57 23
26 58 6
26 59 24
26 61 40
26 62 30
26 63 26
26 64 1
26 67 19
26 69 28
26 71 20
26 72 11
26 73 12
26 74 24
26 75 28
26 79 27
26 80 31
26 82 29
26 83 36
26 84 19
26 88 17
26 89 3
26 91 36
26 93 1
26 94 29
26 99 16
27 1 1
27 2 12
27 7 31
27 8 39
27 9 18
27 10 5
27 11 24
27 12 31
27 13 4
27 14 2
27 15 27
27 18 26
27 20 13
27 22 20
27 23 14
27 24 31
27 25 17
27 31 4
27 34 14
27 37 23
27 38 33
27 39 12
27 41 32
27 42 23
27 43 22
27 49 1
27 50 11
27 51 24
27 52 16
27 53 18
27 54 8
27 60 12
27 62 16
27 63 19
27 64 7
27 71 18
27 72 22
27 75 30
27 77 18
27 81 38
27 83 17
27 84 23
27 86 27
27 88 9
27 91 30
27 92 16
27 94 8
27 99 4
28 1 30
28 2 12
28 3 39
28 4 10
28 5 4
28 6 11
28 7 23
28 8 20
28 9 25
28 10 1
28 12 35
28 14 18
28 16 10
28 18 25
28 20 38
28 21 6
28 22 23
28 23 26
28 26 2
28 30 16
28 31 9
28 34 6
28 37 27
28 39 20
28 40 25
28 41 1
28 43 7
28 44 10
28 47 2
28 48 25
28 49 39
28 50 15
28 51 12
28 52 23
28 53 37
28 54 26
28 55 13
28 56 17
28 57 20
28 58 15
28 61 16
28 64 26
28 67 5
28 69 3
28 70 14
28 71 26
28 72 27
28 73 8
28 74 8
28 76 31
28 78 17
28 79 34
28 84 25
28 87 12
28 89 18
28 92 11
28 93 37
28 95 34
28 99 18
29 1 17
29 3 2
29 5 14
29 7 22
29 8 33
29 10 27
29 12 13
29 14 19
29 19 5
29 21 18
29 23 26
29 24 26
29 26 11
29 31 35
29 32 15
29 33 27
29 39 9
29 40 4
29 41 30
29 43 15
29 44 19
29 48 33
29 49 23
29 52 23
29 55 37
29 56 33
29 59 22
29 60 9
29 61 2
29 66 20
29 68 17
29 70 5
29 75 2
29 77 34
29 80 5
29 81 28
29 87 12
29 88 38
29 90 14
29 91 16
29 93 9
29 94 17
29 95 4
29 97 30
29 98 3
29 99 23
30 2 10
30 3 30
30 4 40
30 10 26
30 11 15
30 19 7
30 22 28
30 23 37
30 24 31
30 28 16
30 31 23
30 33 38
30 34 24
30 35 27
30 37 11
30 38 38
30 39 11
30 40 14
30 42 16
30 43 14
30 44 31
30 48 9
30 55 29
30 58 4
30 61 4
30 62 16
30 63 3
30 64 9
30 65 3
30 71 29
30 72 30
30 73 29
30 75 32
30 78 5
30 79 26
30 80 29
30 82 38
30 83 11
30 84 6
30 88 2
30 90 12
30 91 13
30 92 22
30 93 26
30 95 16
30 96 37
30 97 1
30 99 12
31 4 6
31 8 25
31 9 37
31 10 10
31 11 15
31 13 31
31 14 20
31 20 35
31 21 30
31 24 7
31 25 35
31 27 4
31 28 9
31 29 35
31 30 23
31 34 18
31 36 39
31 37 1
31 38 17
31 39 16
31 40 3
31 42 8
31 43 40
31 44 19
31 45 39
31 46 34
31 49 4
31 52 13
31 54 16
31 55 35
31 56 11
31 57 26
31 59 20
31 62 26
31 63 29
31 68 37
31 71 9
31 74 10
31 76 30
31 77 35
31 79 35
31 80 34
31 82 15
31 84 7
31 87 21
31 93 5
31 94 26
31 95 31
31 98 29
31 99 37
32 1 29
32 3 33
32 5 6
32 7 27
32 9 12
32 13 38
32 16 9
32 18 10
32 19 14
32 20 11
32 21 15
32 22 10
32 23 27
32 24 39
32 25 18
32 26 33
32 29 15
32 33 19
32 35 27
32 37 29
32 39 38
32 42 24
32 43 19
32 47 35
32 52 14
32 58 19
32 59 39
32 60 37
32 62 29
32 63 5
32 65 7
32 66 11
32 67 7
32 68 8
32 75 40
32 79 23
32 82 29
32 83 14
32 84 10
32 89 5
32 90 17
32 91 37
32 95 30
32 97 19
33 2 38
33 3 38
33 5 24
33 6 16
33 7 40
33 8 11
33 9 19
33 10 1
33 11 38
33 12 14
33 13 6
33 16 18
33 17 17
33 19 39
33 20 16
33 21 34
33 24 3
33 29 27
33 30 38
33 32 19
33 35 12
33 40 34
33 41 8
33 45 7
33 47 5
33 48 36
33 49 26
33 51 16
33 52 2
33 53 28
33 55 36
33 56 36
33 57 40
33 58 30
33 62 40
33 63 20
33 64 5
33 67 3
33 68 15
33 70 20
33 73 15
33 76 11
33 79 1
33 82 13
33 83 22
33 84 38
33 85 20
33 86 1
33 89 12
33 90 9
33 92 23
33 93 29
33 94 38
33 95 38
33 96 28
33 99 16
34 3 40
34 5 8
34 7 11
34 8 15
34 9 4
34 11 35
34 12 32
34 15 23
34 16 37
34 18 35
34 19 5
34 23 8
34 25 5
34 27 14
34 28 6
34 30 24
34 31 18
34 35 38
34 40 9
34 42 8
34 44 16
34 45 7
34 47 6
34 50 18
34 54 14
34 60 35
34 61 24
34 63 28
34 66 6
34 72 27
34 74 21
34 75 25
34 77 10
34 79 26
34 80 8
34 84 39
34 88 15
34 89 32
34 91 10
34 92 18
34 95 1
34 97 34
34 98 33
34 99 34
35 3 17
35 4 22
35 6 17
35 7 16
35 13 33
35 14 18
35 15 23
35 18 26
35 20 35
35 21 27
35 22 36
35 24 32
35 25 18
35 26 23
35 30 27
35 32 27
35 33 12
35 34 38
35 37 20
35 38 34
35 39 30
35 40 7
35 41 21
35 42 40
35 48 36
35 50 10
35 51 29
35 52 9
35 61 3
35 62 8
35 64 37
35 67 39
35 68 10
35 70 36
35 71 27
35 72 10
35 75 33
35 76 21
35 77 29
35 80 1
35 82 12
35 85 40
35 86 14
35 88 31
35 91 32
35 92 37
35 93 30
35 94 21
35 96 11
35 97 9
35 98 31
36 1 22
36 2 2
36 3 16
36 4 29
36 6 23
36 8 13
36 11 2
36 15 23
36 17 8
36 19 7
36 20 16
36 21 32
36 31 39
36 37 35
36 38 27
36 39 7
36 41 32
36 46 15
36 47 11
36 48 17
36 49 1
36 51 14
36 53 27
36 58 18
36 60 35
36 61 25
36 62 11
36 63 14
36 67 34
36 68 21
36 70 20
36 72 15
36 73 6
36 74 15
36 78 29
36 79 29
36 81 18
36 83 4
36 84 6
36 85 11
36 86 39
36 87 18
36 88 17
36 89 34
36 90 4
36 91 39
36 93 15
36 94 7
36 95 33
36 99 19
37 1 30
37 7 16
37 8 22
37 12 39
37 13 23
37 15 5
37 16 34
37 17 10
37 19 16
37 21 28
37 22 22
37 25 18
37 27 23
37 28 27
37 30 11
37 31 1
37 32 29
37 35 20
37 36 35
37 38 6
37 39 19
37 43 30
37 47 17
37 49 33
37 52 38
37 53 24
37 56 18
37 57 32
37 58 12
37 60 34
37 65 40
37 67 10
37 68 15
37 69 20
37 70 10
37 71 19
37 73 29
37 75 21
37 76 16
37 77 2
37 79 5
37 80 39
37 81 28
37 82 4
37 83 11
37 85 8
37 86 27
37 89 29
37 90 24
37 91 18
37 93 5
37 95 30
37 96 11
37 97 32
37 98 27
37 99 8
38 5 32
38 7 39
38 10 29
38 11 13
38 13 18
38 14 11
38 15 24
38 16 2
38 17 36
38 21 6
38 22 16
38 23 4
38 24 2
38 27 33
38 30 38
38 31 17
38 35 34
38 36 27
38 37 6
38 39 6
38 45 34
38 46 40
38 51 36
38 55 35
38 57 38
38 59 40
38 61 8
38 62 3
38 63 11
38 66 8
38 68 21
38 69 20
38 71 23
38 72 19
38 77 8
38 85 27
38 87 32
38 90 23
38 92 39
38 97 2
39 1 35
39 2 39
39 5 20
39 6 7
39 8 32
39 9 30
39 11 18
39 12 28
39 14 18
39 19 18
39 20 23
39 25 19
39 27 12
39 28 20
39 29 9
39 30 11
39 31 16
39 32 38
39 35 30
39 36 7
39 37 19
39 38 6
39 40 2
39 46 10
39 47 19
39 48 19
39 49 16
39 50 21
39 54 4
39 56 6
39 57 8
39 58 2
39 62 5
39 63 6
39 71 14
39 72 36
39 74 15
39 75 30
39 76 7
39 77 7
39 78 20
39 82 25
39 83 14
39 87 8
39 88 29
39 89 23
39 92 31
39 93 2
39 94 12
39 95 2
39 96 25
39 99 38
40 5 14
40 7 23
40 8 39
40 10 34
40 11 17
40 14 39
40 15 37
40 16 24
40 19 3
40 22 38
40 24 27
40 25 8
40 28 25
40 29 4
40 30 14
40 31 3
40 33 34
40 34 9
40 35 7
40 39 2
40 43 24
40 50 1
40 52 16
40 53 21
40 56 14
40 58 16
40 60 16
40 61 38
40 64 36
40 66 35
40 67 39
40 68 11
40 69 9
40 74 27
40 76 12
40 78 36
40 79 26
40 80 17
40 82 39
40 85 29
40 87 21
40 88 20
40 89 17
40 90 27
40 93 30
40 94 16
40 95 8
40 97 3
41 1 24
41 3 14
41 4 29
41 5 2
41 8 22
41 11 13
41 12 7
41 14 2
41 15 18
41 16 31
41 19 16
41 21 5
41 25 18
41 27 32
41 28 1
41 29 30
41 33 8
41 35 21
41 36 32
41 42 31
41 45 34
41 47 22
41 48 22
41 49 26
41 50 15
41 51 32
41 53 24
41 54 21
41 55 11
41 56 13
41 57 10
41 58 12
41 60 12
41 63 8
41 64 35
41 67 24
41 71 2
41 74 17
41 75 5
41 77 29
41 79 33
41 80 15
41 81 17
41 82 38
41 85 29
41 88 14
41 89 14
41 93 29
41 94 20
41 95 17
41 96 11
41 97 22
41 98 23
42 1 25
42 6 20
42 7 21
42 8 38
42 10 1
42 12 2
42 13 34
42 15 21
42 17 1
42 18 1
42 21 32
42 23 11
42 24 18
42 26 8
42 27 23
42 30 16
42 31 8
42 32 24
42 34 8
42 35 40
42 41 31
42 43 37
42 44 26
42 45 22
42 46 4
42 48 13
42 52 2
42 56 2
42 57 35
42 59 29
42 60 19
42 64 5
42 65 24
42 66 31
42 71 24
42 72 33
42 73 3
42 78 5
42 79 11
42 83 30
42 87 23
42 88 24
42 89 35
42 90 23
42 93 18
42 94 11
42 95 20
42 96 18
42 97 24
42 98 37
42 99 26
43 3 5
43 4 30
43 5 31
43 7 18
43 11 3
43 13 13
43 19 30
43 20 28
43 21 5
43 24 25
43 27 22
43 28 7
43 29 15
43 30 14
43 31 40
43 32 19
43 37 30
43 40 24
43 42 37
43 44 25
43 46 1
43 50 8
43 52 20
43 58 15
43 60 30
43 65 9
43 66 11
43 69 12
43 72 26
43 73 35
43 74 6
43 76 30
43 78 9
43 80 26
43 81 6
43 82 30
43 87 25
43 89 26
43 90 10
43 92 6
43 93 25
43 96 29
43 97 3
43 98 27
43 99 31
44 1 34
44 2 30
44 4 13
44 5 25
44 6 9
44 7 10
44 9 28
44 11 2
44 14 35
44 15 8
44 21 29
44 23 40
44 24 1
44 28 10
44 29 19
44 30 31
44 31 19
44 34 16
44 42 26
44 43 25
44 45 11
44 46 31
44 48 16
44 55 3
44 56 19
44 61 15
44 63 36
44 67 21
44 73 20
44 74 4
44 77 9
44 78 39
44 83 5
44 88 19
44 91 18
44 93 32
44 94 34
44 95 3
44 96 21
45 1 22
45 2 1
45 3 36
45 4 9
45 5 30
45 7 18
45 11 38
45 15 5
45 16 29
45 18 24
45 19 12
45 20 27
45 21 28
45 22 25
45 25 28
45 26 32
45 31 39
45 33 7
45 34 7
45 38 34
45 41 34
45 42 22
45 44 11
45 46 20
45 49 34
45 51 8
45 52 40
45 53 11
45 54 12
45 55 38
45 56 25
45 57 33
45 58 3
45 60 22
45 61 3
45 64 36
45 65 37
45 66 19
45 70 16
45 71 1
45 75 14
45 77 10
45 79 19
45 80 20
45 82 29
45 86 40
45 91 35
45 92 9
45 93 34
45 95 15
45 96 31
45 97 30
46 1 39
46 3 21
46 5 16
46 6 2
46 7 12
46 9 19
46 10 5
46 11 27
46 12 36
46 16 8
46 18 17
46 19 35
46 25 23
46 26 35
46 31 34
46 36 15
46 38 40
46 39 10
46 42 4
46 43 1
46 44 31
46 45 20
46 47 38
46 50 6
46 51 21
46 52 21
46 53 32
46 56 20
46 57 4
46 58 15
46 59 16
46 60 36
46 70 19
46 73 12
46 77 22
46 79 40
46 81 24
46 82 35
46 83 14
46 84 34
46 85 12
46 87 12
46 90 12
46 92 14
46 94 31
46 95 20
47 2 7
47 4 19
47 6 3
47 7 20
47 10 21
47 13 22
47 14 20
47 16 10
47 18 5
47 20 38
47 21 7
47 23 37
47 28 2
47 32 35
47 33 5
47 34 6
47 36 11
47 37 17
47 39 19
47 41 22
47 46 38
47 50 22
47 51 4
47 54 18
47 56 10
47 58 16
47 60 27
47 62 20
47 63 30
47 66 26
47 67 5
47 68 20
47 69 29
47 72 40
47 74 17
47 78 21
47 79 23
47 80 28
47 81 13
47 83 11
47 84 4
47 85 6
47 86 4
47 88 38
47 89 11
47 90 15
47 91 4
47 95 2
47 96 12
47 98 28
47 99 40
48 1 12
48 5 10
48 7 34
48 8 36
48 14 14
48 16 31
48 17 3
48 19 21
48 21 15
48 22 12
48 23 33
48 24 21
48 25 3
48 28 25
48 29 33
48 30 9
48 33 36
48 35 36
48 36 17
48 39 19
48 41 22
48 42 13
48 44 16
48 49 1
48 51 1
48 52 16
48 53 22
48 55 6
48 61 22
48 62 31
48 63 36
48 65 27
48 66 16
48 67 1
48 69 8
48 70 27
48 71 33
48 73 32
48 76 5
48 77 26
48 78 10
48 83 17
48 86 10
48 88 10
48 90 38
48 91 25
48 92 34
48 93 9
48 96 17
48 99 13
49 2 18
49 3 6
49 4 2
49 9 2
49 10 31
49 12 36
49 13 13
49 14 7
49 17 5
49 18 15
49 19 33
49 20 37
49 22 12
49 24 17
49 25 30
49 27 1
49 28 39
49 29 23
49 31 4
49 33 26
49 36 1
49 37 33
49 39 16
49 41 26
49 45 34
49 48 1
49 51 12
49 59 35
49 60 12
49 61 26
49 62 34
49 63 20
49 65 26
49 67 15
49 68 38
49 70 18
49 71 28
49 72 29
49 73 31
49 75 10
49 76 1
49 79 6
49 81 20
49 85 17
49 86 34
49 87 16
49 88 30
49 89 34
49 91 28
49 93 14
49 97 40
49 98 24
49 99 10
50 2 31
50 3 25
50 4 34
50 5 23
50 6 35
50 8 34
50 10 2
50 11 5
50 14 26
50 15 34
50 16 32
50 18 17
50 19 23
50 21 9
50 23 27
50 24 40
50 26 10
50 27 11
50 28 15
50 34 18
50 35 10
50 39 21
50 40 1
50 41 15
50 43 8
50 46 6
50 47 22
50 51 25
50 58 3
50 59 33
50 61 14
50 62 11
50 63 12
50 67 38
50 68 22
50 69 22
50 70 28
50 72 11
50 73 11
50 75 2
50 76 35
50 79 20
50 80 23
50 81 11
50 85 39
50 88 35
50 92 37
50 96 11
50 99 32
51 2 5
51 3 17
51 6 36
51 7 3
51 10 23
51 12 11
51 14 37
51 18 31
51 22 6
51 23 27
51 25 33
51 26 6
51 27 24
51 28 12
51 33 16
51 35 29
51 36 14
51 38 36
51 41 32
51 45 8
51 46 21
51 47 4
51 48 1
51 49 12
51 50 25
51 53 26
51 54 12
51 55 14
51 58 35
51 59 22
51 62 21
51 63 35
51 64 3
51 66 25
51 68 29
51 70 15
51 71 18
51 76 18
51 77 11
51 83 27
51 84 38
51 85 4
51 86 9
51 87 21
51 93 31
51 94 14
51 95 3
51 99 9
52 2 9
52 5 20
52 6 35
52 10 22
52 11 14
52 13 27
52 15 5
52 16 10
52 17 8
52 23 2
52 26 11
52 27 16
52 28 23
52 29 23
52 31 13
52 32 14
52 33 2
52 35 9
52 37 38
52 40 16
52 42 2
52 43 20
52 45 40
52 46 21
52 48 16
52 54 31
52 56 21
52 57 15
52 58 10
52 61 9
52 62 26
52 65 30
52 68 26
52 69 10
52 73 24
52 74 3
52 77 19
52 79 34
52 80 6
52 82 31
52 87 18
52 89 12
52 91 39
52 92 40
52 97 16
52 98 31
52 99 29
53 2 36
53 5 15
53 6 28
53 7 3
53 9 40
53 14 22
53 20 40
53 21 19
53 23 17
53 25 35
53 26 4
53 27 18
53 28 37
53 33 28
53 36 27
53 37 24
53 40 21
53 41 24
53 45 11
53 46 32
53 48 22
53 51 26
53 56 22
53 57 33
53 58 35
53 59 33
53 60 18
53 61 9
53 64 32
53 65 13
53 67 13
53 68 12
53 70 6
53 71 21
53 74 20
53 75 27
53 79 24
53 80 18
53 81 10
53 82 39
53 83 13
53 85 25
53 86 7
53 87 27
53 88 22
53 89 12
53 92 1
53 98 2
54 1 17
54 3 24
54 4 4
54 5 36
54 6 35
54 8 7
54 11 4
54 12 36
54 13 39
54 14 27
54 15 34
54 16 39
54 19 17
54 20 38
54 23 19
54 24 17
54 27 8
54 28 26
54 31 16
54 34 14
54 39 4
54 41 21
54 45 12
54 47 18
54 51 12
54 52 31
54 57 21
54 58 3
54 61 15
54 62 40
54 63 7
54 65 9
54 66 14
54 68 29
54 70 9
54 71 39
54 73 37
54 74 17
54 75 36
54 76 29
54 79 10
54 80 36
54 89 30
54 92 13
54 93 24
54 98 32
55 1 18
55 2 6
55 4 12
55 5 33
55 9 12
55 10 35
55 12 4
55 13 11
55 14 8
55 16 32
55 17 25
55 21 8
55 24 4
55 25 14
55 28 13
55 29 37
55 30 29
55 31 35
55 33 36
55 38 35
55 41 11
55 44 3
55 45 38
55 48 6
55 51 14
55 59 32
55 61 31
55 62 35
55 63 34
55 64 40
55 65 17
55 68 23
55 69 38
55 72 23
55 73 39
55 74 13
55 77 38
55 79 12
55 80 8
55 81 1
55 82 13
55 84 8
55 86 24
55 89 23
55 91 8
55 94 20
55 96 19
56 2 10
56 3 27
56 4 29
56 5 8
56 11 11
56 14 29
56 15 27
56 18 40
56 21 17
56 22 15
56 24 21
56 25 37
56 26 20
56 28 17
56 29 33
56 31 11
56 33 36
56 37 18
56 39 6
56 40 14
56 41 13
56 42 2
56 44 19
56 45 25
56 46 20
56 47 10
56 52 21
56 53 22
56 57 38
56 61 26
56 66 1
56 67 38
56 68 21
56 69 19
56 70 24
56 73 17
56 75 10
56 77 9
56 78 27
56 79 40
56 80 19
56 81 24
56 82 26
56 83 33
56 85 32
56 88 36
56 90 30
56 91 7
56 94 4
56 98 34
56 99 26
57 1 1
57 3 1
57 4 8
57 5 21
57 8 5
57 9 15
57 10 11
57 18 18
57 22 28
57 23 31
57 26 23
57 28 20
57 31 26
57 33 40
57 37 32
57 38 38
57 39 8
57 41 10
57 42 35
57 45 33
57 46 4
57 52 15
57 53 33
57 54 21
57 56 38
57 58 1
57 59 3
57 60 16
57 62 19
57 63 36
57 65 27
57 68 37
57 70 27
57 71 32
57 74 2
57 75 36
57 77 19
57 78 4
57 81 28
57 83 23
57 87 15
57 89 23
57 90 12
57 93 32
57 94 40
57 96 33
57 97 31
57 98 2
58 3 21
58 4 4
58 6 28
58 11 34
58 12 25
58 13 1
58 18 34
58 19 20
58 20 1
58 22 34
58 23 22
58 24 12
58 25 37
58 26 6
58 28 15
58 30 4
58 32 19
58 33 30
58 36 18
58 37 12
58 39 2
58 40 16
58 41 12
58 43 15
58 45 3
58 46 15
58 47 16
58 50 3
58 51 35
58 52 10
58 53 35
58 54 3
58 57 1
58 61 38
58 63 39
58 64 29
58 66 35
58 67 10
58 71 20
58 72 7
58 74 25
58 75 2
58 76 24
58 77 2
58 79 33
58 81 10
58 83 35
58 86 37
58 87 29
58 88 17
58 94 38
58 96 4
58 97 2
58 98 9
58 99 21
59 2 34
59 5 35
59 6 16
59 8 12
59 9 26
59 11 6
59 13 27
59 14 26
59 15 36
59 16 20
59 21 7
59 22 6
59 23 28
59 25 8
59 26 24
59 29 22
59 31 20
59 32 39
59 38 40
59 42 29
59 46 16
59 49 35
59 50 33
59 51 22
59 53 33
59 55 32
59 57 3
59 61 36
59 62 15
59 64 18
59 66 27
59 69 26
59 71 38
59 73 6
59 74 33
59 77 1
59 78 19
59 81 17
59 84 36
59 85 36
59 86 4
59 89 2
59 91 22
59 92 12
59 93 22
59 95 25
59 97 34
59 98 33
60 1 18
60 3 17
60 4 24
60 8 3
60 11 17
60 13 9
60 14 31
60 18 3
60 19 26
60 20 21
60 23 7
60 27 12
60 29 9
60 32 37
60 34 35
60 36 35
60 37 34
60 40 16
60 41 12
60 42 19
60 43 30
60 45 22
60 46 36
60 47 27
60 49 12
60 53 18
60 57 16
60 61 12
60 62 7
60 63 3
60 64 26
60 65 9
60 67 20
60 68 19
60 69 34
60 70 6
60 71 11
60 73 17
60 75 29
60 76 20
60 77 32
60 81 18
60 82 30
60 83 17
60 85 26
60 88 15
60 89 17
60 90 3
60 92 2
60 94 12
60 95 18
60 96 33
60 97 13
60 98 20
61 2 29
61 3 26
61 4 6
61 7 10
61 9 2
61 10 27
61 12 31
61 13 28
61 15 23
61 18 22
61 19 29
61 22 7
61 24 33
61 26 40
61 28 16
61 29 2
61 30 4
61 34 24
61 35 3
61 36 25
61 38 8
61 40 38
61 44 15
61 45 3
61 48 22
61 49 26
61 50 14
61 52 9
61 53 9
61 54 15
61 55 31
61 56 26
61 58 38
61 59 36
61 60 12
61 62 28
61 63 1
61 65 24
61 68 15
61 69 40
61 71 40
61 75 31
61 76 3
61 77 3
61 81 29
61 86 31
61 87 20
61 89 2
61 91 6
61 92 14
61 95 31
61 96 28
61 97 30
61 98 12
62 1 13
62 2 11
62 4 39
62 6 2
62 7 17
62 8 9
62 11 10
62 12 5
62 13 3
62 14 18
62 15 36
62 16 26
62 17 10
62 19 17
62 21 21
62 24 8
62 26 30
62 27 16
62 30 16
62 31 26
62 32 29
62 33 40
62 35 8
62 36 11
62 38 3
62 39 5
62 47 20
62 48 31
62 49 34
62 50 11
62 51 21
62 52 26
62 54 40
62 55 35
62 57 19
62 59 15
62 60 7
62 61 28
62 64 8
62 66 6
62 69 8
62 70 29
62 71 22
62 73 13
62 74 22
62 75 15
62 76 29
62 77 2
62 79 34
62 86 1
62 88 19
62 90 38
62 91 13
62 93 14
62 94 33
62 95 38
62 97 9
63 1 12
63 3 11
63 4 20
63 5 23
63 8 5
63 10 18
63 11 26
63 12 14
63 14 11
63 15 4
63 20 13
63 22 9
63 23 38
63 24 33
63 26 26
63 27 19
63 30 3
63 31 29
63 32 5
63 33 20
63 34 28
63 36 14
63 38 11
63 39 6
63 41 8
63 44 36
63 47 30
63 48 36
63 49 20
63 50 12
63 51 35
63 54 7
63 55 34
63 57 36
63 58 39
63 60 3
63 61 1
63 64 29
63 68 31
63 70 20
63 71 23
63 72 21
63 74 36
63 75 1
63 78 16
63 79 13
63 81 29
63 85 32
63 88 23
63 90 14
63 91 15
63 92 11
63 95 23
63 96 6
63 97 19
64 1 40
64 3 35
64 4 36
64 6 14
64 8 3
64 10 2
64 12 38
64 13 6
64 16 2
64 17 30
64 23 23
64 24 7
64 25 12
64 26 1
64 27 7
64 28 26
64 30 9
64 33 5
64 35 37
64 40 36
64 41 35
64 42 5
64 45 36
64 51 3
64 53 32
64 55 40
64 58 29
64 59 18
64 60 26
64 62 8
64 63 29
64 66 12
64 71 22
64 75 6
64 76 20
64 79 3
64 80 11
64 83 27
64 85 17
64 87 22
64 88 4
64 90 10
64 91 28
64 93 23
64 96 26
64 97 38
65 2 4
65 3 27
65 5 38
65 7 34
65 12 15
65 14 40
65 15 35
65 16 26
65 17 28
65 18 10
65 22 30
65 23 13
65 30 3
65 32 7
65 37 40
65 42 24
65 43 9
65 45 37
65 48 27
65 49 26
65 52 30
65 53 13
65 54 9
65 55 17
65 57 27
65 60 9
65 61 24
65 66 11
65 69 4
65 70 32
65 71 11
65 72 7
65 73 32
65 74 7
65 75 27
65 78 40
65 79 36
65 83 12
65 84 4
65 85 20
65 88 22
65 89 39
65 90 2
65 91 9
65 92 7
65 97 14
65 98 17
65 99 16
66 1 4
66 2 30
66 3 12
66 4 4
66 5 32
66 8 23
66 14 28
66 15 12
66 16 2
66 17 1
66 22 23
66 25 12
66 29 20
66 32 11
66 34 6
66 38 8
66 40 35
66 42 31
66 43 11
66 45 19
66 47 26
66 48 16
66 51 25
66 54 14
66 56 1
66 58 35
66 59 27
66 62 6
66 64 12
66 65 11
66 67 4
66 69 32
66 71 13
66 72 12
66 73 18
66 76 19
66 77 12
66 79 10
66 80 32
66 82 5
66 85 25
66 88 28
66 89 17
66 90 1
66 91 39
66 92 21
66 94 33
66 95 35
66 96 20
66 99 24
67 1 37
67 2 33
67 3 23
67 6 32
67 14 24
67 18 26
67 19 12
67 21 16
67 22 9
67 23 1
67 25 17
67 26 19
67 28 5
67 32 7
67 33 3
67 35 39
67 36 34
67 37 10
67 40 39
67 41 24
67 44 21
67 47 5
67 48 1
67 49 15
67 50 38
67 53 13
67 56 38
67 58 10
67 60 20
67 66 4
67 68 39
67 69 30
67 73 34
67 76 17
67 81 15
67 84 5
67 86 30
67 87 32
67 90 20
67 92 36
67 93 3
67 94 31
67 96 34
67 99 11
68 2 29
68 5 36
68 7 10
68 8 9
68 11 20
68 14 23
68 16 17
68 17 14
68 19 21
68 20 14
68 21 7
68 22 38
68 25 16
68 29 17
68 31 37
68 32 8
68 33 15
68 35 10
68 36 21
68 37 15
68 38 21
68 40 11
68 47 20
68 49 38
68 50 22
68 51 29
68 52 26
68 53 12
68 54 29
68 55 23
68 56 21
68 57 37
68 60 19
68 61 15
68 63 31
68 67 39
68 69 35
68 71 19
68 75 39
68 76 29
68 80 3
68 81 14
68 86 14
68 88 6
68 89 17
68 90 39
68 91 30
68 92 36
68 96 29
68 97 28
68 99 4
69 4 35
69 5 34
69 8 24
69 9 37
69 10 4
69 11 17
69 12 10
69 13 11
69 17 34
69 19 32
69 20 39
69 21 7
69 22 13
69 23 29
69 26 28
69 28 3
69 37 20
69 38 20
69 40 9
69 43 12
69 47 29
69 48 8
69 50 22
69 52 10
69 55 38
69 56 19
69 59 26
69 60 34
69 61 40
69 62 8
69 65 4
69 66 32
69 67 30
69 68 35
69 72 4
69 76 31
69 79 23
69 80 1
69 82 23
69 85 39
69 86 32
69 90 19
69 91 32
69 92 29
69 93 33
69 94 17
69 95 8
69 97 22
70 2 15
70 4 24
70 6 4
70 7 36
70 8 37
70 9 31
70 11 29
70 13 25
70 14 19
70 15 27
70 16 33
70 19 10
70 20 21
70 21 22
70 22 34
70 28 14
70 29 5
70 33 20
70 35 36
70 36 20
70 37 10
70 45 16
70 46 19
70 48 27
70 49 18
70 50 28
70 51 15
70 53 6
70 54 9
70 56 24
70 57 27
70 60 6
70 62 29
70 63 20
70 65 32
70 71 1
70 74 37
70 76 26
70 77 33
70 79 12
70 81 21
70 82 13
70 83 1
70 85 40
70 86 19
70 87 32
70 88 20
70 90 34
70 91 3
70 93 33
70 95 38
70 96 3
70 97 35
70 99 27
71 2 1
71 4 1
71 6 38
71 7 14
71 9 7
71 10 32
71 17 10
71 18 8
71 19 6
71 21 8
71 23 21
71 24 3
71 25 5
71 26 20
71 27 18
71 28 26
71 30 29
71 31 9
71 35 27
71 37 19
71 38 23
71 39 14
71 41 2
71 42 24
71 45 1
71 48 33
71 49 28
71 51 18
71 53 21
71 54 39
71 57 32
71 58 20
71 59 38
71 60 11
71 61 40
71 62 22
71 63 23
71 64 22
71 65 11
71 66 13
71 68 19
71 70 1
71 74 13
71 75 35
71 78 35
71 80 5
71 81 36
71 82 34
71 83 37
71 85 9
71 87 27
71 88 33
71 94 27
71 95 28
72 1 3
72 6 9
72 7 26
72 11 21
72 12 8
72 13 11
72 18 2
72 21 27
72 22 14
72 23 25
72 24 30
72 26 11
72 27 22
72 28 27
72 30 30
72 34 27
72 35 10
72 36 15
72 38 19
72 39 36
72 42 33
72 43 26
72 47 40
72 49 29
72 50 11
72 55 23
72 58 7
72 63 21
72 65 7
72 66 12
72 69 4
72 75 34
72 76 11
72 77 8
72 79 19
72 80 9
72 84 10
72 85 32
72 87 40
72 88 39
72 89 32
72 90 39
72 93 6
72 97 16
72 98 14
73 4 14
73 5 37
73 6 27
73 7 39
73 8 23
73 13 23
73 14 38
73 16 9
73 17 14
73 18 38
73 19 18
73 20 23
73 22 32
73 24 15
73 25 19
73 26 12
73 28 8
73 30 29
73 33 15
73 36 6
73 37 29
73 42 3
73 43 35
73 44 20
73 46 12
73 48 32
73 49 31
73 50 11
73 52 24
73 54 37
73 55 39
73 56 17
73 59 6
73 60 17
73 62 13
73 65 32
73 66 18
73 67 34
73 74 24
73 76 13
73 80 5
73 82 3
73 83 4
73 84 33
73 85 13
73 87 2
73 88 39
73 90 15
73 92 14
73 95 3
73 96 12
73 97 36
73 99 17
74 3 6
74 4 1
74 5 4
74 7 31
74 8 4
74 9 34
74 10 39
74 17 26
74 21 33
74 23 28
74 24 21
74 25 17
74 26 24
74 28 8
74 31 10
74 34 21
74 36 15
74 39 15
74 40 27
74 41 17
74 43 6
74 44 4
74 47 17
74 52 3
74 53 20
74 54 17
74 55 13
74 57 2
74 58 25
74 59 33
74 62 22
74 63 36
74 65 7
74 70 37
74 71 13
74 73 24
74 78 29
74 79 5
74 80 34
74 81 4
74 82 36
74 83 34
74 87 21
74 90 30
74 91 13
74 92 39
74 93 23
74 98 13
74 99 38
75 2 17
75 5 15
75 6 23
75 7 39
75 9 26
75 11 22
75 15 24
75 16 16
75 17 28
75 19 21
75 20 7
75 21 37
75 23 29
75 24 15
75 26 28
75 27 30
75 29 2
75 30 32
75 32 40
75 34 25
75 35 33
75 37 21
75 39 30
75 41 5
75 45 14
75 49 10
75 50 2
75 53 27
75 54 36
75 56 10
75 57 36
75 58 2
75 60 29
75 61 31
75 62 15
75 63 1
75 64 6
75 65 27
75 68 39
75 71 35
75 72 34
75 77 20
75 78 2
75 83 8
75 84 22
75 86 32
75 88 31
75 90 12
75 91 9
75 92 39
75 93 25
75 95 9
75 97 22
75 99 33
76 1 14
76 3 13
76 5 12
76 7 14
76 19 28
76 20 20
76 23 6
76 28 31
76 31 30
76 33 11
76 35 21
76 37 16
76 39 7
76 40 12
76 43 30
76 48 5
76 49 1
76 50 35
76 51 18
76 54 29
76 58 24
76 60 20
76 61 3
76 62 29
76 64 20
76 66 19
76 67 17
76 68 29
76 69 31
76 70 26
76 72 11
76 73 13
76 79 25
76 83 8
76 84 10
76 85 39
76 87 26
76 90 34
76 91 12
76 93 12
76 94 2
76 97 3
76 99 33
77 2 18
77 4 34
77 5 9
77 8 11
77 9 27
77 14 14
77 16 38
77 22 30
77 23 1
77 24 34
77 25 10
77 27 18
77 29 34
77 31 35
77 34 10
77 35 29
77 37 2
77 38 8
77 39 7
77 41 29
77 44 9
77 45 10
77 46 22
77 48 26
77 51 11
77 52 19
77 55 38
77 56 9
77 57 19
77 58 2
77 59 1
77 60 32
77 61 3
77 62 2
77 66 12
77 70 33
77 72 8
77 75 20
77 79 4
77 81 30
77 83 40
77 93 18
77 96 27
77 98 20
77 99 39
78 1 19
78 3 36
78 4 12
78 5 28
78 8 25
78 9 28
78 10 2
78 16 20
78 17 15
78 18 19
78 22 11
78 24 9
78 28 17
78 30 5
78 36 29
78 39 20
78 40 36
78 42 5
78 43 9
78 44 39
78 47 21
78 48 10
78 56 27
78 57 4
78 59 19
78 63 16
78 65 40
78 71 35
78 74 29
78 75 2
78 79 23
78 80 36
78 85 24
78 86 33
78 89 30
78 91 29
78 92 33
78 94 6
78 95 37
78 97 6
78 98 39
78 99 29
79 3 4
79 5 28
79 6 22
79 11 31
79 13 15
79 18 4
79 21 13
79 22 11
79 23 34
79 26 27
79 28 34
79 30 26
79 31 35
79 32 23
79 33 1
79 34 26
79 36 29
79 37 5
79 40 26
79 41 33
79 42 11
79 45 19
79 46 40
79 47 23
79 49 6
79 50 20
79 52 34
79 53 24
79 54 10
79 55 12
79 56 40
79 58 33
79 62 34
79 63 13
79 64 3
79 65 36
79 66 10
79 69 23
79 70 12
79 72 19
79 74 5
79 76 25
79 77 4
79 78 23
79 80 29
79 88 2
79 91 31
79 92 18
79 93 32
79 97 22
79 98 14
80 4 31
80 6 21
80 8 27
80 11 37
80 12 5
80 16 20
80 17 15
80 18 15
80 19 40
80 21 4
80 23 29
80 24 16
80 25 12
80 26 31
80 29 5
80 30 29
80 31 34
80 34 8
80 35 1
80 37 39
80 40 17
80 41 15
80 43 26
80 45 20
80 47 28
80 50 23
80 52 6
80 53 18
80 54 36
80 55 8
80 56 19
80 64 11
80 66 32
80 68 3
80 69 1
80 71 5
80 72 9
80 73 5
80 74 34
80 78 36
80 79 29
80 83 35
80 85 31
80 87 20
80 89 2
80 91 17
80 93 18
80 98 14
81 2 7
81 5 34
81 7 21
81 8 36
81 10 38
81 11 7
81 17 11
81 20 24
81 22 35
81 24 30
81 27 38
81 29 28
81 36 18
81 37 28
81 41 17
81 43 6
81 46 24
81 47 13
81 49 20
81 50 11
81 53 10
81 55 1
81 56 24
81 57 28
81 58 10
81 59 17
81 60 18
81 61 29
81 63 29
81 67 15
81 68 14
81 70 21
81 71 36
81 74 4
81 77 30
81 82 19
81 83 26
81 84 38
81 85 12
81 87 8
81 88 11
81 89 25
81 91 17
81 93 13
81 96 12
81 97 21
81 99 19
82 4 20
82 6 17
82 8 29
82 9 28
82 10 11
82 12 40
82 13 31
82 15 24
82 16 24
82 21 12
82 23 27
82 26 29
82 30 38
82 31 15
82 32 29
82 33 13
82 35 12
82 37 4
82 39 25
82 40 39
82 41 38
82 43 30
82 45 29
82 46 35
82 52 31
82 53 39
82 55 13
82 56 26
82 60 30
82 66 5
82 69 23
82 70 13
82 71 34
82 73 3
82 74 36
82 81 19
82 85 8
82 93 5
82 95 19
82 97 32
82 99 39
83 1 32
83 2 3
83 5 21
83 6 32
83 7 37
83 9 1
83 10 21
83 12 33
83 13 6
83 14 22
83 15 18
83 17 26
83 18 34
83 19 21
83 22 22
83 25 18
83 26 36
83 27 17
83 30 11
83 32 14
83 33 22
83 36 4
83 37 11
83 39 14
83 42 30
83 44 5
83 46 14
83 47 11
83 48 17
83 51 27
83 53 13
83 56 33
83 57 23
83 58 35
83 60 17
83 64 27
83 65 12
83 70 1
83 71 37
83 73 4
83 74 34
83 75 8
83 76 8
83 77 40
83 80 35
83 81 26
83 84 13
83 88 7
83 89 13
83 91 12
83 93 2
83 95 26
83 96 6
83 99 10
84 2 27
84 3 25
84 5 2
84 9 7
84 10 7
84 11 9
84 12 13
84 15 26
84 16 5
84 18 24
84 20 26
84 22 7
84 25 23
84 26 19
84 27 23
84 28 25
84 30 6
84 31 7
84 32 10
84 33 38
84 34 39
84 36 6
84 46 34
84 47 4
84 51 38
84 55 8
84 59 36
84 65 4
84 67 5
84 72 10
84 73 33
84 75 22
84 76 10
84 81 38
84 83 13
84 86 38
84 88 20
84 89 38
84 90 11
84 91 38
84 94 36
84 95 40
84 96 23
85 2 29
85 3 31
85 6 29
85 7 10
85 9 7
85 15 25
85 16 29
85 17 23
85 18 37
85 20 20
85 21 23
85 24 31
85 25 19
85 33 20
85 35 40
85 36 11
85 37 8
85 38 27
85 40 29
85 41 29
85 46 12
85 47 6
85 49 17
85 50 39
85 51 4
85 53 25
85 56 32
85 59 36
85 60 26
85 63 32
85 64 17
85 65 20
85 66 25
85 69 39
85 70 40
85 71 9
85 72 32
85 73 13
85 76 39
85 78 24
85 80 31
85 81 12
85 82 8
85 86 27
85 89 6
85 90 31
85 91 15
85 92 4
85 95 35
85 98 18
86 1 38
86 2 7
86 3 21
86 4 8
86 5 23
86 6 29
86 7 3
86 8 40
86 9 30
86 11 32
86 13 24
86 14 24
86 19 1
86 21 24
86 25 14
86 27 27
86 33 1
86 35 14
86 36 39
86 37 27
86 45 40
86 47 4
86 48 10
86 49 34
86 51 9
86 53 7
86 55 24
86 58 37
86 59 4
86 61 31
86 62 1
86 67 30
86 68 14
86 69 32
86 70 19
86 75 32
86 78 33
86 84 38
86 85 27
86 91 14
86 92 27
86 93 31
86 94 8
86 95 3
86 97 40
86 98 21
87 1 32
87 6 4
87 8 32
87 10 17
87 13 34
87 14 25
87 15 4
87 17 29
87 20 38
87 21 11
87 24 25
87 25 19
87 28 12
87 29 12
87 31 21
87 36 18
87 38 32
87 39 8
87 40 21
87 42 23
87 43 25
87 46 12
87 49 16
87 51 21
87 52 18
87 53 27
87 57 15
87 58 29
87 61 20
87 64 22
87 67 32
87 70 32
87 71 27
87 72 40
87 73 2
87 74 21
87 76 26
87 80 20
87 81 8
87 88 13
87 89 24
87 92 21
87 93 21
87 95 35
87 96 15
88 2 17
88 6 19
88 7 5
88 8 26
88 9 40
88 11 12
88 12 30
88 14 25
88 19 23
88 24 14
88 25 40
88 26 17
88 27 9
88 29 38
88 30 2
88 34 15
88 35 31
88 36 17
88 39 29
88 40 20
88 41 14
88 42 24
88 44 19
88 47 38
88 48 10
88 49 30
88 50 35
88 53 22
88 56 36
88 58 17
88 60 15
88 62 19
88 63 23
88 64 4
88 65 22
88 66 28
88 68 6
88 70 20
88 71 33
88 72 39
88 73 39
88 75 31
88 79 2
88 81 11
88 83 7
88 84 20
88 87 13
88 91 34
88 92 1
88 93 13
88 94 24
88 97 5
89 3 13
89 7 32
89 9 13
89 10 14
89 11 33
89 12 11
89 13 27
89 15 13
89 18 33
89 19 8
89 26 3
89 28 18
89 32 5
89 33 12
89 34 32
89 36 34
89 37 29
89 39 23
89 40 17
89 41 14
89 42 35
89 43 26
89 47 11
89 49 34
89 52 12
89 53 12
89 54 30
89 55 23
89 57 23
89 59 2
89 60 17
89 61 2
89 65 39
89 66 17
89 68 17
89 72 32
89 78 30
89 80 2
89 81 25
89 83 13
89 84 38
89 85 6
89 87 24
89 90 34
89 92 13
89 94 7
89 95 39
89 97 13
89 98 40
89 99 25
90 3 3
90 6 28
90 7 31
90 8 2
90 9 8
90 10 33
90 11 32
90 18 36
90 19 7
90 20 13
90 21 4
90 22 12
90 29 14
90 30 12
90 32 17
90 33 9
90 36 4
90 37 24
90 38 23
90 40 27
90 42 23
90 43 10
90 46 12
90 47 15
90 48 38
90 56 30
90 57 12
90 60 3
90 62 38
90 63 14
90 64 10
90 65 2
90 66 1
90 67 20
90 68 39
90 69 19
90 70 34
90 72 39
90 73 15
90 74 30
90 75 12
90 76 34
90 84 11
90 85 31
90 89 34
90 91 33
90 94 14
90 95 2
90 96 16
90 97 29
91 1 34
91 5 37
91 6 15
91 7 39
91 8 31
91 10 14
91 12 19
91 15 5
91 18 37
91 19 18
91 20 11
91 24 20
91 26 36
91 27 30
91 29 16
91 30 13
91 32 37
91 34 10
91 35 32
91 36 39
91 37 18
91 44 18
91 45 35
91 47 4
91 48 25
91 49 28
91 52 39
91 55 8
91 56 7
91 59 22
91 61 6
91 62 13
91 63 15
91 64 28
91 65 9
91 66 39
91 68 30
91 69 32
91 70 3
91 74 13
91 75 9
91 76 12
91 78 29
91 79 31
91 80 17
91 81 17
91 83 12
91 84 38
91 85 15
91 86 14
91 88 34
91 90 33
91 92 29
91 95 28
91 98 3
91 99 40
92 1 19
92 7 39
92 10 19
92 12 32
92 14 31
92 15 13
92 20 5
92 21 10
92 22 29
92 23 40
92 24 32
92 25 15
92 27 16
92 28 11
92 30 22
92 33 23
92 34 18
92 35 37
92 38 39
92 39 31
92 43 6
92 45 9
92 46 14
92 48 34
92 50 37
92 52 40
92 53 1
92 54 13
92 59 12
92 60 2
92 61 14
92 63 11
92 65 7
92 66 21
92 67 36
92 68 36
92 69 29
92 73 14
92 74 39
92 75 39
92 78 33
92 79 18
92 85 4
92 86 27
92 87 21
92 88 1
92 89 13
92 91 29
92 94 3
92 95 26
92 96 30
92 98 31
92 99 31
93 2 39
93 5 14
93 8 1
93 11 31
93 13 34
93 16 27
93 22 21
93 24 34
93 25 31
93 26 1
93 28 37
93 29 9
93 30 26
93 31 5
93 33 29
93 35 30
93 36 15
93 37 5
93 39 2
93 40 30
93 41 29
93 42 18
93 43 25
93 44 32
93 45 34
93 48 9
93 49 14
93 51 31
93 54 24
93 57 32
93 59 22
93 62 14
93 64 23
93 67 3
93 69 33
93 70 33
93 72 6
93 74 23
93 75 25
93 76 12
93 77 18
93 79 32
93 80 18
93 81 13
93 82 5
93 83 2
93 86 31
93 87 21
93 88 13
93 94 26
93 96 26
93 99 33
94 2 19
94 9 20
94 10 5
94 11 16
94 13 11
94 14 6
94 17 19
94 19 21
94 20 31
94 23 17
94 26 29
94 27 8
94 29 17
94 31 26
94 33 38
94 35 21
94 36 7
94 39 12
94 40 16
94 41 20
94 42 11
94 44 34
94 46 31
94 51 14
94 55 20
94 56 4
94 57 40
94 58 38
94 60 12
94 62 33
94 66 33
94 67 31
94 69 17
94 71 27
94 76 2
94 78 6
94 84 36
94 86 8
94 88 24
94 89 7
94 90 14
94 92 3
94 93 26
94 95 13
94 96 34
94 98 4
94 99 31
95 1 27
95 3 28
95 5 7
95 7 6
95 9 30
95 11 30
95 12 6
95 15 2
95 17 21
95 20 3
95 24 23
95 28 34
95 29 4
95 30 16
95 31 31
95 32 30
95 33 38
95 34 1
95 36 33
95 37 30
95 39 2
95 40 8
95 41 17
95 42 20
95 44 3
95 45 15
95 46 20
95 47 2
95 51 3
95 59 25
95 60 18
95 61 31
95 62 38
95 63 23
95 66 35
95 69 8
95 70 38
95 71 28
95 73 3
95 75 9
95 78 37
95 82 19
95 83 26
95 84 40
95 85 35
95 86 3
95 87 35
95 89 39
95 90 2
95 91 28
95 92 26
95 94 13
95 97 14
95 98 39
95 99 3
96 1 34
96 2 7
96 5 2
96 7 14
96 9 17
96 10 33
96 12 2
96 13 2
96 15 17
96 16 32
96 17 5
96 22 36
96 23 28
96 24 26
96 30 37
96 33 28
96 35 11
96 37 11
96 39 25
96 41 11
96 42 18
96 43 29
96 44 21
96 45 31
96 47 12
96 48 17
96 50 11
96 55 19
96 57 33
96 58 4
96 60 33
96 61 28
96 63 6
96 64 26
96 66 20
96 67 34
96 68 29
96 70 3
96 73 12
96 77 27
96 81 12
96 83 6
96 84 23
96 87 15
96 90 16
96 92 30
96 93 26
96 94 34
96 98 8
97 4 28
97 5 23
97 7 30
97 9 25
97 10 35
97 12 3
97 14 39
97 15 12
97 16 38
97 17 38
97 18 19
97 19 32
97 20 15
97 22 35
97 23 31
97 24 30
97 25 4
97 29 30
97 30 1
97 32 19
97 34 34
97 35 9
97 37 32
97 38 2
97 40 3
97 41 22
97 42 24
97 43 3
97 45 30
97 49 40
97 52 16
97 57 31
97 58 2
97 59 34
97 60 13
97 61 30
97 62 9
97 63 19
97 64 38
97 65 14
97 68 28
97 69 22
97 70 35
97 72 16
97 73 36
97 75 22
97 76 3
97 78 6
97 79 22
97 81 21
97 82 32
97 86 40
97 88 5
97 89 13
97 90 29
97 95 14
98 1 39
98 2 15
98 3 40
98 8 10
98 10 8
98 11 29
98 15 20
98 16 10
98 17 27
98 18 1
98 29 3
98 31 29
98 34 33
98 35 31
98 37 27
98 41 23
98 42 37
98 43 27
98 47 28
98 49 24
98 52 31
98 53 2
98 54 32
98 56 34
98 57 2
98 58 9
98 59 33
98 60 20
98 61 12
98 65 17
98 72 14
98 74 13
98 77 20
98 78 39
98 79 14
98 80 14
98 85 18
98 86 21
98 89 40
98 91 3
98 92 31
98 94 4
98 95 39
98 96 8
98 99 20
1 t 17
4 t 22
6 t 37
7 t 16
9 t 4
14 t 1
15 t 6
18 t 6
19 t 17
20 t 16
26 t 16
27 t 4
28 t 18
29 t 23
30 t 12
31 t 37
33 t 16
34 t 34
36 t 19
37 t 8
39 t 38
42 t 26
43 t 31
47 t 40
48 t 13
49 t 10
50 t 32
51 t 9
52 t 29
56 t 26
58 t 21
65 t 16
66 t 24
67 t 11
68 t 4
70 t 27
73 t 17
74 t 38
75 t 33
76 t 33
77 t 39
78 t 29
81 t 19
82 t 39
83 t 10
89 t 25
91 t 40
92 t 31
93 t 33
94 t 31
95 t 3
98 t 20
