s 1 48
s 2 53
s 3 65
s 4 66
s 5 67
s 8 49
s 10 48
s 11 40
s 12 45
s 13 50
s 14 80
s 15 52
s 18 42
s 19 79
s 20 75
s 21 74
s 22 58
s 23 76
s 24 44
s 25 61
s 27 69
s 28 58
s 29 57
s 32 61
s 33 67
s 34 66
s 35 45
s 36 44
s 37 66
s 39 54
s 41 49
s 42 67
s 43 80
s 44 61
s 45 62
s 46 55
s 47 64
s 48 56
s 49 67
s 50 64
s 52 80
s 53 65
s 54 72
s 55 49
s 56 67
s 57 45
s 58 47
s 59 67
s 60 49
s 61 54
s 62 52
s 64 50
s 65 56
s 66 71
s 67 66
s 68 58
s 69 46
s 70 64
s 71 54
s 72 61
s 73 68
s 76 50
s 77 50
s 78 70
s 79 44
s 80 40
s 82 68
s 85 67
s 86 57
s 87 63
s 88 50
s 89 50
s 90 40
s 91 78
s 94 59
s 95 68
s 96 53
s 97 57
s 99 76
1 2 65
1 3 77
1 4 68
1 5 41
1 6 41
1 8 67
1 9 63
1 11 61
1 13 67
1 14 69
1 15 64
1 17 46
1 19 72
1 20 60
1 21 48
1 22 61
1 24 74
1 25 45
1 26 66
1 27 77
1 28 46
1 31 47
1 32 57
1 35 79
1 36 64
1 37 66
1 38 71
1 39 78
1 41 66
1 42 49
1 43 52
1 45 74
1 46 77
1 47 50
1 48 40
1 49 66
1 50 68
1 51 66
1 52 43
1 53 43
1 54 40
1 55 73
1 56 46
1 57 66
1 58 58
1 59 56
1 60 75
1 61 68
1 64 68
1 65 47
1 67 41
1 68 78
1 69 59
1 70 62
1 71 58
1 72 78
1 73 50
1 74 61
1 75 78
1 76 53
1 77 42
1 78 78
1 79 68
1 81 46
1 82 57
1 83 69
1 84 53
1 85 68
1 86 66
1 88 42
1 89 66
1 90 78
1 93 47
1 94 51
1 96 80
1 97 40
1 98 76
1 99 52
2 1 65
2 3 59
2 4 71
2 5 75
2 6 62
2 7 53
2 8 48
2 9 62
2 10 48
2 11 73
2 12 42
2 13 50
2 14 55
2 15 58
2 16 52
2 17 45
2 18 40
2 20 56
2 21 70
2 22 47
2 24 41
2 25 64
2 26 79
2 27 76
2 30 54
2 31 48
2 32 52
2 35 79
2 36 71
2 38 62
2 39 80
2 40 48
2 41 55
2 42 73
2 43 41
2 44 40
2 45 80
2 46 64
2 47 69
2 48 73
2 49 43
2 51 51
2 52 53
2 54 47
2 55 55
2 56 60
2 57 65
2 58 70
2 59 51
2 60 64
2 61 54
2 62 40
2 64 77
2 65 67
2 66 72
2 67 78
2 68 62
2 71 52
2 72 50
2 73 56
2 74 78
2 76 46
2 77 68
2 78 57
2 80 43
2 82 74
2 83 75
2 84 67
2 85 59
2 86 73
2 88 63
2 89 58
2 90 55
2 92 54
2 93 54
2 94 71
2 95 41
2 97 54
2 98 75
2 99 71
3 1 77
3 2 59
3 4 79
3 5 72
3 6 61
3 7 48
3 9 42
3 10 55
3 11 50
3 12 59
3 13 44
3 14 69
3 15 71
3 17 67
3 18 76
3 19 48
3 20 43
3 21 72
3 22 75
3 23 57
3 24 58
3 25 76
3 26 49
3 28 64
3 29 76
3 31 71
3 33 70
3 34 80
3 35 74
3 36 41
3 37 68
3 38 47
3 39 76
3 41 59
3 42 68
3 43 52
3 44 57
3 46 78
3 47 65
3 48 42
3 50 61
3 52 77
3 53 65
3 54 47
3 55 55
3 56 52
3 57 58
3 58 70
3 59 64
3 60 61
3 61 78
3 62 65
3 63 43
3 64 79
3 65 59
3 66 56
3 67 45
3 68 72
3 69 72
3 70 80
3 71 41
3 72 73
3 73 76
3 74 44
3 75 78
3 76 69
3 80 66
3 81 47
3 82 50
3 83 49
3 84 43
3 86 72
3 87 61
3 89 42
3 90 64
3 91 52
3 92 79
3 96 69
3 97 80
3 98 42
3 99 61
4 1 68
4 2 71
4 3 79
4 5 52
4 6 54
4 7 69
4 8 41
4 11 53
4 13 67
4 14 47
4 15 48
4 16 73
4 17 73
4 18 44
4 19 78
4 20 47
4 21 59
4 22 47
4 23 80
4 24 48
4 25 51
4 26 55
4 27 50
4 29 58
4 30 74
4 31 73
4 32 45
4 33 45
4 34 70
4 35 65
4 36 68
4 37 55
4 38 46
4 39 59
4 40 68
4 41 79
4 42 46
4 43 72
4 44 49
4 46 72
4 47 59
4 49 71
4 52 45
4 53 54
4 56 79
4 58 77
4 59 67
4 60 66
4 61 74
4 62 61
4 63 42
4 65 61
4 66 57
4 67 62
4 68 70
4 69 59
4 70 45
4 71 42
4 72 45
4 73 68
4 74 78
4 76 73
4 77 70
4 78 45
4 79 65
4 80 68
4 82 52
4 87 63
4 88 46
4 89 65
4 90 40
4 91 64
4 92 51
4 93 56
4 94 55
4 95 53
4 96 61
4 97 79
4 98 54
4 99 43
5 1 41
5 2 75
5 3 72
5 4 52
5 6 67
5 7 74
5 8 73
5 9 49
5 10 79
5 11 51
5 12 62
5 13 58
5 15 64
5 17 60
5 18 73
5 20 77
5 21 56
5 22 54
5 23 55
5 24 62
5 25 58
5 26 64
5 27 41
5 28 79
5 29 75
5 30 46
5 31 80
5 32 78
5 33 70
5 34 56
5 35 43
5 36 52
5 37 77
5 39 56
5 41 42
5 42 41
5 43 56
5 44 50
5 45 72
5 46 48
5 48 47
5 49 73
5 50 67
5 51 51
5 54 46
5 55 54
5 56 42
5 57 54
5 58 73
5 59 42
5 60 60
5 62 78
5 63 52
5 64 45
5 65 54
5 66 56
5 67 76
5 68 65
5 69 71
5 70 72
5 71 73
5 72 45
5 73 59
5 74 77
5 75 69
5 77 56
5 78 76
5 79 70
5 80 75
5 81 60
5 82 53
5 84 50
5 85 73
5 87 53
5 88 51
5 90 43
5 91 65
5 92 69
5 93 46
5 94 43
5 96 54
5 97 41
5 98 70
5 99 73
6 1 41
6 2 62
6 3 61
6 4 54
6 5 67
6 7 56
6 8 56
6 9 64
6 10 76
6 11 62
6 13 52
6 14 54
6 15 57
6 16 55
6 17 40
6 18 72
6 19 47
6 20 45
6 22 76
6 23 50
6 24 74
6 26 61
6 27 73
6 28 75
6 29 53
6 30 45
6 31 44
6 32 64
6 35 80
6 36 73
6 37 55
6 38 43
6 39 78
6 40 62
6 41 58
6 42 51
6 43 57
6 44 46
6 46 56
6 47 80
6 49 68
6 50 49
6 52 62
6 54 63
6 55 69
6 56 53
6 57 55
6 58 54
6 60 59
6 62 79
6 64 58
6 65 60
6 66 72
6 67 65
6 68 57
6 69 48
6 70 60
6 71 80
6 72 67
6 73 72
6 74 43
6 75 45
6 77 43
6 78 53
6 79 53
6 80 77
6 81 55
6 82 50
6 83 80
6 84 73
6 85 59
6 86 63
6 89 63
6 90 68
6 94 55
6 95 69
6 96 73
6 97 65
6 98 68
6 99 58
7 2 53
7 3 48
7 4 69
7 5 74
7 6 56
7 8 69
7 9 75
7 10 76
7 12 58
7 13 48
7 14 42
7 15 67
7 16 79
7 17 56
7 18 58
7 19 50
7 20 61
7 21 67
7 22 64
7 23 60
7 24 70
7 26 67
7 28 49
7 30 66
7 31 65
7 33 70
7 34 76
7 35 51
7 37 43
7 41 48
7 42 78
7 43 40
7 44 57
7 45 79
7 46 79
7 47 51
7 48 74
7 49 47
7 51 40
7 52 72
7 53 49
7 54 50
7 55 69
7 57 77
7 58 77
7 59 79
7 60 54
7 62 59
7 63 55
7 64 56
7 65 49
7 66 74
7 67 56
7 68 61
7 70 66
7 72 68
7 73 76
7 74 75
7 75 63
7 76 62
7 77 41
7 78 62
7 80 51
7 82 45
7 84 69
7 85 60
7 86 74
7 87 70
7 89 45
7 90 70
7 93 80
7 94 44
7 95 66
7 96 41
7 97 69
7 98 51
7 99 59
8 1 67
8 2 48
8 4 41
8 5 73
8 6 56
8 7 69
8 10 72
8 11 47
8 12 74
8 13 73
8 14 42
8 16 53
8 17 48
8 18 75
8 19 70
8 21 63
8 22 54
8 23 47
8 24 72
8 26 80
8 27 49
8 30 45
8 31 71
8 32 48
8 33 58
8 34 68
8 36 41
8 37 55
8 38 45
8 42 46
8 44 60
8 45 44
8 48 73
8 49 72
8 50 76
8 51 57
8 52 56
8 53 54
8 54 56
8 55 60
8 56 40
8 57 40
8 58 48
8 59 56
8 62 42
8 63 75
8 64 73
8 65 49
8 67 47
8 68 69
8 71 72
8 72 41
8 73 64
8 74 75
8 75 42
8 77 66
8 78 56
8 79 69
8 80 65
8 81 77
8 82 60
8 83 45
8 84 64
8 86 76
8 87 47
8 88 80
8 89 50
8 90 65
8 91 48
8 93 56
8 94 61
8 95 44
8 96 40
8 97 64
8 98 49
8 99 44
9 1 63
9 2 62
9 3 42
9 5 49
9 6 64
9 7 75
9 10 55
9 11 69
9 12 43
9 13 50
9 14 63
9 15 63
9 16 47
9 17 73
9 18 43
9 19 77
9 20 76
9 21 71
9 22 70
9 24 80
9 25 78
9 26 55
9 27 79
9 28 72
9 29 57
9 30 59
9 31 45
9 32 60
9 33 62
9 34 65
9 35 76
9 36 42
9 37 52
9 38 46
9 39 52
9 40 50
9 42 53
9 43 51
9 44 62
9 45 48
9 46 69
9 47 80
9 49 41
9 50 80
9 51 54
9 52 44
9 53 66
9 54 70
9 55 68
9 56 67
9 57 72
9 59 79
9 60 46
9 61 69
9 62 48
9 63 46
9 64 63
9 65 59
9 66 69
9 67 59
9 69 67
9 70 67
9 71 66
9 72 46
9 73 57
9 76 64
9 77 76
9 79 68
9 80 55
9 81 47
9 82 70
9 83 65
9 84 43
9 86 45
9 87 72
9 88 53
9 89 42
9 92 72
9 93 65
9 94 62
9 95 77
9 96 70
9 99 44
10 2 48
10 3 55
10 5 79
10 6 76
10 7 76
10 8 72
10 9 55
10 11 75
10 12 73
10 13 48
10 14 76
10 15 49
10 16 65
10 17 47
10 18 63
10 19 52
10 20 44
10 21 55
10 22 67
10 24 76
10 25 48
10 26 49
10 27 80
10 28 73
10 29 71
10 30 61
10 31 69
10 32 70
10 33 49
10 34 71
10 37 40
10 38 67
10 39 69
10 40 70
10 41 41
10 42 57
10 44 76
10 46 77
10 47 64
10 48 45
10 49 73
10 50 65
10 51 62
10 53 75
10 54 69
10 55 65
10 56 61
10 57 55
10 58 80
10 59 50
10 60 79
10 61 53
10 62 64
10 63 40
10 64 70
10 65 62
10 67 70
10 68 58
10 69 40
10 70 67
10 71 57
10 72 50
10 73 58
10 74 64
10 75 70
10 79 76
10 80 42
10 81 42
10 82 43
10 83 61
10 84 57
10 85 45
10 86 73
10 87 55
10 88 78
10 89 68
10 91 61
10 92 66
10 93 44
10 94 75
10 95 79
10 96 75
10 97 55
10 98 60
10 99 71
11 1 61
11 2 73
11 3 50
11 4 53
11 5 51
11 6 62
11 8 47
11 9 69
11 10 75
11 12 56
11 13 78
11 14 51
11 15 56
11 16 77
11 17 67
11 18 73
11 19 68
11 20 53
11 22 58
11 23 66
11 25 40
11 26 59
11 27 48
11 28 52
11 29 67
11 30 45
11 31 45
11 32 46
11 33 75
11 34 49
11 35 69
11 36 55
11 37 67
11 38 59
11 39 65
11 42 71
11 44 78
11 45 56
11 46 74
11 47 45
11 49 76
11 50 47
11 51 58
11 52 55
11 54 50
11 55 44
11 57 55
11 58 48
11 59 64
11 60 72
11 62 47
11 63 71
11 64 74
11 65 76
11 67 69
11 69 67
11 70 60
11 72 40
11 73 66
11 74 78
11 75 64
11 76 78
11 78 63
11 79 54
11 81 46
11 83 65
11 84 70
11 86 53
11 87 77
11 89 77
11 90 79
11 91 65
11 93 43
11 94 64
11 97 47
11 98 69
11 99 44
12 2 42
12 3 59
12 5 62
12 7 58
12 8 74
12 9 43
12 10 73
12 11 56
12 13 69
12 14 76
12 15 47
12 16 66
12 17 54
12 19 48
12 20 79
12 21 63
12 22 78
12 23 48
12 24 80
12 25 73
12 26 63
12 27 73
12 28 62
12 29 69
12 30 52
12 31 44
12 32 59
12 33 54
12 34 70
12 35 61
12 36 76
12 37 56
12 39 65
12 40 76
12 41 65
12 42 50
12 43 63
12 44 64
12 45 44
12 47 80
12 49 68
12 50 75
12 51 65
12 52 50
12 53 44
12 54 75
12 55 43
12 56 59
12 57 55
12 58 44
12 59 77
12 60 56
12 62 51
12 64 65
12 65 73
12 66 50
12 68 56
12 69 67
12 70 63
12 72 77
12 73 70
12 74 74
12 75 41
12 78 57
12 79 80
12 80 40
12 83 57
12 84 49
12 85 54
12 87 72
12 88 64
12 89 68
12 92 51
12 93 75
12 94 59
12 95 66
12 96 66
12 97 79
12 98 74
13 1 67
13 2 50
13 3 44
13 4 67
13 5 58
13 6 52
13 7 48
13 8 73
13 9 50
13 10 48
13 11 78
13 12 69
13 15 57
13 16 50
13 17 63
13 18 74
13 19 53
13 20 74
13 22 50
13 23 69
13 24 62
13 25 65
13 26 41
13 28 52
13 29 51
13 30 50
13 31 48
13 32 61
13 33 78
13 34 50
13 35 69
13 36 40
13 38 41
13 39 68
13 40 52
13 41 52
13 42 42
13 43 41
13 44 50
13 46 60
13 47 67
13 48 52
13 49 68
13 51 72
13 52 78
13 53 67
13 54 45
13 55 47
13 57 65
13 58 45
13 60 48
13 61 69
13 62 49
13 63 64
13 64 74
13 65 41
13 66 62
13 67 43
13 68 72
13 69 71
13 70 74
13 72 64
13 74 80
13 75 79
13 76 75
13 78 63
13 79 53
13 80 75
13 81 71
13 82 48
13 84 70
13 85 70
13 86 52
13 87 43
13 89 77
13 90 74
13 91 58
13 92 61
13 95 70
13 97 57
13 98 50
13 99 80
14 1 69
14 2 55
14 3 69
14 4 47
14 6 54
14 7 42
14 8 42
14 9 63
14 10 76
14 11 51
14 12 76
14 17 45
14 18 57
14 19 46
14 20 62
14 22 59
14 23 53
14 24 52
14 26 51
14 27 75
14 28 68
14 29 78
14 31 60
14 32 46
14 33 58
14 34 58
14 35 66
14 36 58
14 37 73
14 38 73
14 39 64
14 40 67
14 41 58
14 42 80
14 43 44
14 44 61
14 45 58
14 46 42
14 48 70
14 49 64
14 51 42
14 52 50
14 54 52
14 56 65
14 59 63
14 61 48
14 62 72
14 63 72
14 64 49
14 65 77
14 66 62
14 67 74
14 68 56
14 69 66
14 70 66
14 71 41
14 74 55
14 75 45
14 76 48
14 78 46
14 79 73
14 80 55
14 81 40
14 82 75
14 83 43
14 84 42
14 85 78
14 86 43
14 87 46
14 90 78
14 91 72
14 92 51
14 93 74
14 95 63
14 96 75
14 97 78
14 98 68
14 99 60
15 1 64
15 2 58
15 3 71
15 4 48
15 5 64
15 6 57
15 7 67
15 9 63
15 10 49
15 11 56
15 12 47
15 13 57
15 16 41
15 17 46
15 18 50
15 19 71
15 20 65
15 21 54
15 22 56
15 23 56
15 24 46
15 25 48
15 26 79
15 28 45
15 29 80
15 30 74
15 31 77
15 32 60
15 34 51
15 35 79
15 36 59
15 37 78
15 38 48
15 39 53
15 40 56
15 41 41
15 42 55
15 44 43
15 45 52
15 46 40
15 47 50
15 48 48
15 49 54
15 50 59
15 53 40
15 55 47
15 56 66
15 58 78
15 59 43
15 61 64
15 62 80
15 64 69
15 65 80
15 66 67
15 68 66
15 69 54
15 70 70
15 71 40
15 72 57
15 73 69
15 74 59
15 75 66
15 78 55
15 79 79
15 80 56
15 82 57
15 83 53
15 84 40
15 85 79
15 86 76
15 87 62
15 88 49
15 89 47
15 90 73
15 91 70
15 92 74
15 93 67
15 94 47
15 95 62
15 96 68
15 97 76
16 2 52
16 4 73
16 6 55
16 7 79
16 8 53
16 9 47
16 10 65
16 11 77
16 12 66
16 13 50
16 15 41
16 17 59
16 18 79
16 19 75
16 20 65
16 21 60
16 22 57
16 23 53
16 24 65
16 26 65
16 29 78
16 30 58
16 31 74
16 33 62
16 34 69
16 36 61
16 37 69
16 38 77
16 39 50
16 41 66
16 42 47
16 43 45
16 44 76
16 45 59
16 46 58
16 47 75
16 48 41
16 49 49
16 50 50
16 51 73
16 52 65
16 53 61
16 55 69
16 56 67
16 57 80
16 58 58
16 59 65
16 60 40
16 61 67
16 62 67
16 63 53
16 64 63
16 65 76
16 67 66
16 68 49
16 70 57
16 72 67
16 73 41
16 74 75
16 75 45
16 77 55
16 79 78
16 80 47
16 81 63
16 82 61
16 83 74
16 84 75
16 87 52
16 88 74
16 89 80
16 90 67
16 92 62
16 93 47
16 94 71
16 95 69
16 96 58
16 98 66
17 1 46
17 2 45
17 3 67
17 4 73
17 5 60
17 6 40
17 7 56
17 8 48
17 9 73
17 10 47
17 11 67
17 12 54
17 13 63
17 14 45
17 15 46
17 16 59
17 19 71
17 20 77
17 21 72
17 22 49
17 23 44
17 24 54
17 25 72
17 26 52
17 27 54
17 28 54
17 29 52
17 30 63
17 31 44
17 32 60
17 33 64
17 35 42
17 36 41
17 38 61
17 39 67
17 40 70
17 42 76
17 43 56
17 45 79
17 46 73
17 47 61
17 49 67
17 50 48
17 51 80
17 53 53
17 54 75
17 56 46
17 57 50
17 58 69
17 59 70
17 60 74
17 61 48
17 62 65
17 63 54
17 64 59
17 65 62
17 67 47
17 68 80
17 69 51
17 70 46
17 71 53
17 73 73
17 74 50
17 75 49
17 76 52
17 77 49
17 78 57
17 79 78
17 81 73
17 82 40
17 83 51
17 84 41
17 87 42
17 88 76
17 89 63
17 90 60
17 91 47
17 93 51
17 94 69
17 95 76
17 98 71
17 99 66
18 2 40
18 3 76
18 4 44
18 5 73
18 6 72
18 7 58
18 8 75
18 9 43
18 10 63
18 11 73
18 13 74
18 14 57
18 15 50
18 16 79
18 19 76
18 20 69
18 21 76
18 23 76
18 24 70
18 25 42
18 27 68
18 28 67
18 29 48
18 30 67
18 31 43
18 32 44
18 33 64
18 34 65
18 35 73
18 36 65
18 37 75
18 38 57
18 39 79
18 40 79
18 41 64
18 42 74
18 44 65
18 45 44
18 46 59
18 47 78
18 48 42
18 49 54
18 50 49
18 51 55
18 52 78
18 53 45
18 54 78
18 55 61
18 56 45
18 58 79
18 59 52
18 61 77
18 63 62
18 64 76
18 65 75
18 66 65
18 67 61
18 69 69
18 70 66
18 71 56
18 73 55
18 74 58
18 75 73
18 76 51
18 77 67
18 78 64
18 79 66
18 81 77
18 82 72
18 83 66
18 84 62
18 85 80
18 86 53
18 87 79
18 88 44
18 89 40
18 90 63
18 91 58
18 92 51
18 93 76
18 95 42
18 96 73
18 97 40
18 99 61
19 1 72
19 3 48
19 4 78
19 6 47
19 7 50
19 8 70
19 9 77
19 10 52
19 11 68
19 12 48
19 13 53
19 14 46
19 15 71
19 16 75
19 17 71
19 18 76
19 21 46
19 23 52
19 24 42
19 26 62
19 28 46
19 29 41
19 30 48
19 31 70
19 32 40
19 33 76
19 34 45
19 35 47
19 36 73
19 37 77
19 38 66
19 40 79
19 41 55
19 42 43
19 43 68
19 45 49
19 46 55
19 47 60
19 48 59
19 50 68
19 51 79
19 52 78
19 53 60
19 54 71
19 55 66
19 56 80
19 58 75
19 60 60
19 61 66
19 62 61
19 64 73
19 65 65
19 66 73
19 67 73
19 69 47
19 70 43
19 71 64
19 72 70
19 73 54
19 74 54
19 75 52
19 76 46
19 77 79
19 78 45
19 79 56
19 80 57
19 81 68
19 82 56
19 83 42
19 84 76
19 85 75
19 87 45
19 88 78
19 89 49
19 90 62
19 91 71
19 92 57
19 93 63
19 95 69
19 97 63
19 98 65
19 99 40
20 1 60
20 2 56
20 3 43
20 4 47
20 5 77
20 6 45
20 7 61
20 9 76
20 10 44
20 11 53
20 12 79
20 13 74
20 14 62
20 15 65
20 16 65
20 17 77
20 18 69
20 21 71
20 22 56
20 26 53
20 27 57
20 29 47
20 30 59
20 31 68
20 32 76
20 33 65
20 35 74
20 36 67
20 37 60
20 38 62
20 39 54
20 40 77
20 41 78
20 42 80
20 43 65
20 44 69
20 46 42
20 48 65
20 51 72
20 52 47
20 53 62
20 54 75
20 56 80
20 57 49
20 58 55
20 59 50
20 61 52
20 62 62
20 65 54
20 66 76
20 67 52
20 68 48
20 69 60
20 70 75
20 73 67
20 76 74
20 79 68
20 80 54
20 81 71
20 83 59
20 84 72
20 85 53
20 87 40
20 88 42
20 89 42
20 90 52
20 91 44
20 92 71
20 93 66
20 94 80
20 95 46
20 96 76
20 97 78
20 98 45
20 99 60
21 1 48
21 2 70
21 3 72
21 4 59
21 5 56
21 7 67
21 8 63
21 9 71
21 10 55
21 12 63
21 15 54
21 16 60
21 17 72
21 18 76
21 19 46
21 20 71
21 22 45
21 23 71
21 24 62
21 25 66
21 26 50
21 28 73
21 29 72
21 30 40
21 31 58
21 32 51
21 33 72
21 34 54
21 35 78
21 36 42
21 38 80
21 39 67
21 40 45
21 42 72
21 43 79
21 44 50
21 45 69
21 46 45
21 47 71
21 48 76
21 49 74
21 50 63
21 51 63
21 52 71
21 55 44
21 56 51
21 57 52
21 58 50
21 59 74
21 60 75
21 62 60
21 65 74
21 67 53
21 68 58
21 69 76
21 70 44
21 72 43
21 73 50
21 74 53
21 75 57
21 76 80
21 78 49
21 80 52
21 82 59
21 84 54
21 85 75
21 86 61
21 88 54
21 89 47
21 90 48
21 92 42
21 94 46
21 95 61
21 96 69
21 97 71
21 98 61
21 99 44
22 1 61
22 2 47
22 3 75
22 4 47
22 5 54
22 6 76
22 7 64
22 8 54
22 9 70
22 10 67
22 11 58
22 12 78
22 13 50
22 14 59
22 15 56
22 16 57
22 17 49
22 20 56
22 21 45
22 23 71
22 24 62
22 25 75
22 26 50
22 27 55
22 29 55
22 30 70
22 31 68
22 32 50
22 33 70
22 34 55
22 35 55
22 36 78
22 37 47
22 38 64
22 39 41
22 40 77
22 44 63
22 45 78
22 46 59
22 49 70
22 51 55
22 52 60
22 54 65
22 56 61
22 57 71
22 58 44
22 59 44
22 61 45
22 62 76
22 63 55
22 64 79
22 65 78
22 66 56
22 67 71
22 69 61
22 70 65
22 71 79
22 74 71
22 75 51
22 76 73
22 78 48
22 79 55
22 80 58
22 81 50
22 82 67
22 84 43
22 85 43
22 86 77
22 87 40
22 91 52
22 93 59
22 94 78
22 95 40
22 96 78
22 97 60
22 98 52
22 99 57
23 3 57
23 4 80
23 5 55
23 6 50
23 7 60
23 8 47
23 11 66
23 12 48
23 13 69
23 14 53
23 15 56
23 16 53
23 17 44
23 18 76
23 19 52
23 21 71
23 22 71
23 25 57
23 26 59
23 27 65
23 28 49
23 29 40
23 30 46
23 31 41
23 32 49
23 34 51
23 35 49
23 36 73
23 37 70
23 39 74
23 40 53
23 41 66
23 42 43
23 43 60
23 44 59
23 46 58
23 48 47
23 49 49
23 50 43
23 51 41
23 52 49
23 53 69
23 54 80
23 58 61
23 59 58
23 60 45
23 61 54
23 62 55
23 63 72
23 65 58
23 67 46
23 69 71
23 70 77
23 71 64
23 72 80
23 73 51
23 74 74
23 76 63
23 77 59
23 78 64
23 79 54
23 80 49
23 81 58
23 82 79
23 83 71
23 85 70
23 86 75
23 88 66
23 89 51
23 90 60
23 91 54
23 92 71
23 93 41
23 94 77
23 95 66
23 96 63
23 97 49
23 98 52
24 1 74
24 2 41
24 3 58
24 4 48
24 5 62
24 6 74
24 7 70
24 8 72
24 9 80
24 10 76
24 12 80
24 13 62
24 14 52
24 15 46
24 16 65
24 17 54
24 18 70
24 19 42
24 21 62
24 22 62
24 25 68
24 26 75
24 28 42
24 29 49
24 30 41
24 31 74
24 33 67
24 34 61
24 35 43
24 36 73
24 37 71
24 41 53
24 44 44
24 46 65
24 47 78
24 48 79
24 51 45
24 52 40
24 54 45
24 55 77
24 57 51
24 58 44
24 59 64
24 60 64
24 61 55
24 62 40
24 63 50
24 64 64
24 65 66
24 66 65
24 67 57
24 68 63
24 69 52
24 70 43
24 72 80
24 73 61
24 74 41
24 76 59
24 77 58
24 78 61
24 79 61
24 80 69
24 81 45
24 82 60
24 83 67
24 84 50
24 85 58
24 86 68
24 87 51
24 88 40
24 89 77
24 90 73
24 91 63
24 93 76
24 94 58
24 95 44
24 96 40
24 97 78
24 99 61
25 1 45
25 2 64
25 3 76
25 4 51
25 5 58
25 9 78
25 10 48
25 11 40
25 12 73
25 13 65
25 15 48
25 17 72
25 18 42
25 21 66
25 22 75
25 23 57
25 24 68
25 26 66
25 27 52
25 28 57
25 29 56
25 31 53
25 32 40
25 33 69
25 35 41
25 36 41
25 37 80
25 38 79
25 39 42
25 41 70
25 42 64
25 44 65
25 45 59
25 46 44
25 47 55
25 48 66
25 49 77
25 50 77
25 51 50
25 52 66
25 53 78
25 54 62
25 55 65
25 56 77
25 57 79
25 58 56
25 59 55
25 60 74
25 61 71
25 62 70
25 63 45
25 64 71
25 65 68
25 67 49
25 69 52
25 70 62
25 72 46
25 73 44
25 74 43
25 75 58
25 76 44
25 77 51
25 78 72
25 79 53
25 80 61
25 81 67
25 82 55
25 83 61
25 84 60
25 85 40
25 86 42
25 88 49
25 90 71
25 92 62
25 94 54
25 95 76
25 96 73
25 97 74
25 98 75
25 99 40
26 1 66
26 2 79
26 3 49
26 4 55
26 5 64
26 6 61
26 7 67
26 8 80
26 9 55
26 10 49
26 11 59
26 12 63
26 13 41
26 14 51
26 15 79
26 16 65
26 17 52
26 19 62
26 20 53
26 21 50
26 22 50
26 23 59
26 24 75
26 25 66
26 27 66
26 28 46
26 29 73
26 30 43
26 31 61
26 32 58
26 33 80
26 34 65
26 35 43
26 36 68
26 37 76
26 38 71
26 39 46
26 40 51
26 41 42
26 42 67
26 43 72
26 46 41
26 47 68
26 48 51
26 49 53
26 50 41
26 52 73
26 54 54
26 55 57
26 56 58
26 57 69
26 58 49
26 59 45
26 60 43
26 61 71
26 63 45
26 64 56
26 65 78
26 66 73
26 67 73
26 68 76
26 69 44
26 70 51
26 71 48
26 73 41
26 74 53
26 75 62
26 76 67
26 77 56
26 79 77
26 80 56
26 81 59
26 83 62
26 84 78
26 85 58
26 86 80
26 87 74
26 88 63
26 89 66
26 90 52
26 92 45
26 94 43
26 95 58
26 99 46
27 1 77
27 2 76
27 4 50
27 5 41
27 6 73
27 8 49
27 9 79
27 10 80
27 11 48
27 12 73
27 14 75
27 17 54
27 18 68
27 20 57
27 22 55
27 23 65
27 25 52
27 26 66
27 28 74
27 29 78
27 30 75
27 33 59
27 35 75
27 36 73
27 37 59
27 39 51
27 41 61
27 42 58
27 43 60
27 44 41
27 46 57
27 47 41
27 48 43
27 49 72
27 50 66
27 51 71
27 52 80
27 53 73
27 54 70
27 55 80
27 56 41
27 60 45
27 61 79
27 62 58
27 63 59
27 64 62
27 65 76
27 66 45
27 67 73
27 70 41
27 71 77
27 72 48
27 74 65
27 76 40
27 77 77
27 78 64
27 79 55
27 80 80
27 81 70
27 82 71
27 83 79
27 84 63
27 86 63
27 87 45
27 89 66
27 90 43
27 91 46
27 92 40
27 93 43
27 95 66
27 96 77
27 97 56
27 98 65
27 99 71
28 1 46
28 3 64
28 5 79
28 6 75
28 7 49
28 9 72
28 10 73
28 11 52
28 12 62
28 13 52
28 14 68
28 15 45
28 17 54
28 18 67
28 19 46
28 21 73
28 23 49
28 24 42
28 25 57
28 26 46
28 27 74
28 29 61
28 30 53
28 31 49
28 32 40
28 33 53
28 34 76
28 35 47
28 36 64
28 38 60
28 41 61
28 42 45
28 43 74
28 44 78
28 45 50
28 46 71
28 47 64
28 48 79
28 49 44
28 50 43
28 52 48
28 53 60
28 55 45
28 56 45
28 59 40
28 60 41
28 61 61
28 62 64
28 63 64
28 65 51
28 66 56
28 67 51
28 68 54
28 69 78
28 70 50
28 71 57
28 72 47
28 74 66
28 75 53
28 76 79
28 78 75
28 79 73
28 80 66
28 82 45
28 83 46
28 84 71
28 86 58
28 87 54
28 88 54
28 89 57
28 90 80
28 91 47
28 92 67
28 93 80
28 94 74
28 95 40
28 96 62
28 97 48
28 98 49
28 99 43
29 3 76
29 4 58
29 5 75
29 6 53
29 9 57
29 10 71
29 11 67
29 12 69
29 13 51
29 14 78
29 15 80
29 16 78
29 17 52
29 18 48
29 19 41
29 20 47
29 21 72
29 22 55
29 23 40
29 24 49
29 25 56
29 26 73
29 27 78
29 28 61
29 30 54
29 31 50
29 32 72
29 35 76
29 36 61
29 37 78
29 38 40
29 39 79
29 40 67
29 41 40
29 42 45
29 43 65
29 44 64
29 45 65
29 46 70
29 47 79
29 49 55
29 50 65
29 52 56
29 53 79
29 54 67
29 55 63
29 56 46
29 57 71
29 58 49
29 59 55
29 60 58
29 61 42
29 62 68
29 64 56
29 65 61
29 66 52
29 67 49
29 68 70
29 69 66
29 70 72
29 71 52
29 72 70
29 73 76
29 74 65
29 75 78
29 76 41
29 79 56
29 80 80
29 82 46
29 83 55
29 85 80
29 86 60
29 87 66
29 88 69
29 89 79
29 90 64
29 91 61
29 92 71
29 93 48
29 94 58
29 95 48
29 96 68
29 97 78
29 98 68
29 99 60
30 2 54
30 4 74
30 5 46
30 6 45
30 7 66
30 8 45
30 9 59
30 10 61
30 11 45
30 12 52
30 13 50
30 15 74
30 16 58
30 17 63
30 18 67
30 19 48
30 20 59
30 21 40
30 22 70
30 23 46
30 24 41
30 26 43
30 27 75
30 28 53
30 29 54
30 33 79
30 34 47
30 35 59
30 36 60
30 37 74
30 38 69
30 39 48
30 41 65
30 42 74
30 43 72
30 44 66
30 46 75
30 47 62
30 49 66
30 51 49
30 53 66
30 54 66
30 55 73
30 56 48
30 57 59
30 60 44
30 61 47
30 62 75
30 63 71
30 64 70
30 65 57
30 66 46
30 68 41
30 69 51
30 70 69
30 72 62
30 73 57
30 74 44
30 75 60
30 77 67
30 78 70
30 79 57
30 80 79
30 81 77
30 82 51
30 83 73
30 84 69
30 85 54
30 88 67
30 89 54
30 90 42
30 91 70
30 92 43
30 93 63
30 94 48
30 95 72
30 96 44
30 97 65
30 99 65
31 1 47
31 2 48
31 3 71
31 4 73
31 5 80
31 6 44
31 7 65
31 8 71
31 9 45
31 10 69
31 11 45
31 12 44
31 13 48
31 14 60
31 15 77
31 16 74
31 17 44
31 18 43
31 19 70
31 20 68
31 21 58
31 22 68
31 23 41
31 24 74
31 25 53
31 26 61
31 28 49
31 29 50
31 32 75
31 34 64
31 36 42
31 37 41
31 38 72
31 41 80
31 42 47
31 44 43
31 45 58
31 46 49
31 48 79
31 49 48
31 50 69
31 51 77
31 52 53
31 53 47
31 54 50
31 55 78
31 56 41
31 58 68
31 59 47
31 60 42
31 62 74
31 63 72
31 64 75
31 65 54
31 66 57
31 67 80
31 68 60
31 69 79
31 70 48
31 71 40
31 72 44
31 73 66
31 74 69
31 75 60
31 76 53
31 78 68
31 80 54
31 81 56
31 82 50
31 83 80
31 84 71
31 85 70
31 86 68
31 87 46
31 88 47
31 89 51
31 92 43
31 95 70
31 97 58
31 98 46
31 99 52
32 1 57
32 2 52
32 4 45
32 5 78
32 6 64
32 8 48
32 9 60
32 10 70
32 11 46
32 12 59
32 13 61
32 14 46
32 15 60
32 17 60
32 18 44
32 19 40
32 20 76
32 21 51
32 22 50
32 23 49
32 25 40
32 26 58
32 28 40
32 29 72
32 31 75
32 34 75
32 35 42
32 36 64
32 37 60
32 38 66
32 40 41
32 41 65
32 42 72
32 44 79
32 46 66
32 47 48
32 48 63
32 49 65
32 50 53
32 51 51
32 52 70
32 53 73
32 54 58
32 55 75
32 56 45
32 57 65
32 58 61
32 59 53
32 60 80
32 61 69
32 62 73
32 63 43
32 64 79
32 65 44
32 66 79
32 67 61
32 68 45
32 69 72
32 70 76
32 71 64
32 72 53
32 73 44
32 74 58
32 75 68
32 76 53
32 77 66
32 80 44
32 81 59
32 82 80
32 83 75
32 84 43
32 85 46
32 86 55
32 87 48
32 90 51
32 92 57
32 93 54
32 94 50
32 96 69
32 97 75
32 98 62
32 99 79
33 3 70
33 4 45
33 5 70
33 7 70
33 8 58
33 9 62
33 10 49
33 11 75
33 12 54
33 13 78
33 14 58
33 16 62
33 17 64
33 18 64
33 19 76
33 20 65
33 21 72
33 22 70
33 24 67
33 25 69
33 26 80
33 27 59
33 28 53
33 30 79
33 34 41
33 41 53
33 42 64
33 44 42
33 46 74
33 48 51
33 49 42
33 50 53
33 51 75
33 52 67
33 53 66
33 54 49
33 55 54
33 56 40
33 59 69
33 61 73
33 63 53
33 64 60
33 65 49
33 66 43
33 67 62
33 68 40
33 69 79
33 71 56
33 72 69
33 73 72
33 74 47
33 75 50
33 78 60
33 79 71
33 81 42
33 82 40
33 83 74
33 85 61
33 86 64
33 87 75
33 88 61
33 90 71
33 91 73
33 92 78
33 93 74
33 94 62
33 95 54
33 96 59
33 97 63
33 98 40
33 99 57
34 3 80
34 4 70
34 5 56
34 7 76
34 8 68
34 9 65
34 10 71
34 11 49
34 12 70
34 13 50
34 14 58
34 15 51
34 16 69
34 18 65
34 19 45
34 21 54
34 22 55
34 23 51
34 24 61
34 26 65
34 28 76
34 30 47
34 31 64
34 32 75
34 33 41
34 35 45
34 36 78
34 37 77
34 38 41
34 39 44
34 40 65
34 42 46
34 43 72
34 44 41
34 48 73
34 49 42
34 53 51
34 54 56
34 55 57
34 56 41
34 57 62
34 58 49
34 59 74
34 60 67
34 61 75
34 62 61
34 63 45
34 64 43
34 66 52
34 67 51
34 68 59
34 69 79
34 70 64
34 71 43
34 72 77
34 73 48
34 74 68
34 76 71
34 78 55
34 79 53
34 80 54
34 81 58
34 82 43
34 84 49
34 85 51
34 87 65
34 88 68
34 89 47
34 90 76
34 94 73
34 95 72
34 96 77
34 97 63
34 99 67
35 1 79
35 2 79
35 3 74
35 4 65
35 5 43
35 6 80
35 7 51
35 9 76
35 11 69
35 12 61
35 13 69
35 14 66
35 15 79
35 17 42
35 18 73
35 19 47
35 20 74
35 21 78
35 22 55
35 23 49
35 24 43
35 25 41
35 26 43
35 27 75
35 28 47
35 29 76
35 30 59
35 32 42
35 34 45
35 38 53
35 39 45
35 40 73
35 43 45
35 44 42
35 45 48
35 46 43
35 47 46
35 48 68
35 50 45
35 51 46
35 53 44
35 54 79
35 56 58
35 58 78
35 59 60
35 60 40
35 61 46
35 63 44
35 64 75
35 65 73
35 66 75
35 67 45
35 68 52
35 69 67
35 70 80
35 72 59
35 73 58
35 74 79
35 75 69
35 78 64
35 79 49
35 80 55
35 81 64
35 83 75
35 85 46
35 86 47
35 87 67
35 89 49
35 90 43
35 91 72
35 92 46
35 93 50
35 94 47
35 95 71
35 96 65
35 97 44
35 98 40
35 99 68
36 1 64
36 2 71
36 3 41
36 4 68
36 5 52
36 6 73
36 8 41
36 9 42
36 11 55
36 12 76
36 13 40
36 14 58
36 15 59
36 16 61
36 17 41
36 18 65
36 19 73
36 20 67
36 21 42
36 22 78
36 23 73
36 24 73
36 25 41
36 26 68
36 27 73
36 28 64
36 29 61
36 30 60
36 31 42
36 32 64
36 34 78
36 37 51
36 38 51
36 39 41
36 41 48
36 42 47
36 44 56
36 45 56
36 47 67
36 48 53
36 49 47
36 50 52
36 51 53
36 52 48
36 54 57
36 56 61
36 57 56
36 58 40
36 60 77
36 61 72
36 62 51
36 65 61
36 66 48
36 67 43
36 68 56
36 69 65
36 70 72
36 71 77
36 73 70
36 74 59
36 75 61
36 76 62
36 77 52
36 79 56
36 80 68
36 81 41
36 82 67
36 83 58
36 84 66
36 86 47
36 87 69
36 89 67
36 90 80
36 91 50
36 92 51
36 93 54
36 95 58
36 97 57
36 98 47
36 99 62
37 1 66
37 3 68
37 4 55
37 5 77
37 6 55
37 7 43
37 8 55
37 9 52
37 10 40
37 11 67
37 12 56
37 14 73
37 15 78
37 16 69
37 18 75
37 19 77
37 20 60
37 22 47
37 23 70
37 24 71
37 25 80
37 26 76
37 27 59
37 29 78
37 30 74
37 31 41
37 32 60
37 34 77
37 36 51
37 38 58
37 41 52
37 42 50
37 44 45
37 45 46
37 46 61
37 49 70
37 51 43
37 52 49
37 54 68
37 55 41
37 56 57
37 57 48
37 58 51
37 59 48
37 60 40
37 62 40
37 63 46
37 68 43
37 69 56
37 70 62
37 71 42
37 72 61
37 74 63
37 75 45
37 77 56
37 78 47
37 79 50
37 80 73
37 81 40
37 82 46
37 83 60
37 85 69
37 86 59
37 87 70
37 88 78
37 89 59
37 91 55
37 93 66
37 94 67
37 95 49
37 96 57
37 97 67
37 98 55
37 99 68
38 1 71
38 2 62
38 3 47
38 4 46
38 6 43
38 8 45
38 9 46
38 10 67
38 11 59
38 13 41
38 14 73
38 15 48
38 16 77
38 17 61
38 18 57
38 19 66
38 20 62
38 21 80
38 22 64
38 25 79
38 26 71
38 28 60
38 29 40
38 30 69
38 31 72
38 32 66
38 34 41
38 35 53
38 36 51
38 37 58
38 39 56
38 40 76
38 41 73
38 42 51
38 43 44
38 44 43
38 46 77
38 47 48
38 49 45
38 50 52
38 51 76
38 52 79
38 53 49
38 55 52
38 56 73
38 57 63
38 58 57
38 59 77
38 60 47
38 61 45
38 62 57
38 64 75
38 65 66
38 66 76
38 67 71
38 68 58
38 69 55
38 70 76
38 72 80
38 73 78
38 74 60
38 75 74
38 76 47
38 77 51
38 78 68
38 79 75
38 80 62
38 81 74
38 82 44
38 83 55
38 84 52
38 85 64
38 86 76
38 87 47
38 91 75
38 92 53
38 93 54
38 94 65
38 95 78
38 96 70
38 97 63
38 99 71
39 1 78
39 2 80
39 3 76
39 4 59
39 5 56
39 6 78
39 9 52
39 10 69
39 11 65
39 12 65
39 13 68
39 14 64
39 15 53
39 16 50
39 17 67
39 18 79
39 20 54
39 21 67
39 22 41
39 23 74
39 25 42
39 26 46
39 27 51
39 29 79
39 30 48
39 34 44
39 35 45
39 36 41
39 38 56
39 40 43
39 42 68
39 44 66
39 45 50
39 46 60
39 48 61
39 49 56
39 50 72
39 51 45
39 52 45
39 53 42
39 54 76
39 55 40
39 56 69
39 57 80
39 59 59
39 60 65
39 62 80
39 64 66
39 65 67
39 66 58
39 67 40
39 68 57
39 70 71
39 71 45
39 72 64
39 74 48
39 75 44
39 76 45
39 77 49
39 78 40
39 79 69
39 81 55
39 82 78
39 83 52
39 84 53
39 85 67
39 86 54
39 87 55
39 88 47
39 89 58
39 90 54
39 91 71
39 92 72
39 94 79
39 95 54
39 96 42
39 97 58
39 98 69
39 99 47
40 2 48
40 4 68
40 6 62
40 9 50
40 10 70
40 12 76
40 13 52
40 14 67
40 15 56
40 17 70
40 18 79
40 19 79
40 20 77
40 21 45
40 22 77
40 23 53
40 26 51
40 29 67
40 32 41
40 34 65
40 35 73
40 38 76
40 39 43
40 41 59
40 44 46
40 45 40
40 46 50
40 47 48
40 48 63
40 51 47
40 52 40
40 53 70
40 54 41
40 55 71
40 56 49
40 57 79
40 58 65
40 62 42
40 63 69
40 64 70
40 65 70
40 66 71
40 67 62
40 68 57
40 69 78
40 71 57
40 73 68
40 74 47
40 75 50
40 76 61
40 77 49
40 78 79
40 79 43
40 80 40
40 82 59
40 83 48
40 85 61
40 86 67
40 87 69
40 88 77
40 89 74
40 90 44
40 92 60
40 93 79
40 95 72
40 98 73
40 99 51
41 1 66
41 2 55
41 3 59
41 4 79
41 5 42
41 6 58
41 7 48
41 10 41
41 12 65
41 13 52
41 14 58
41 15 41
41 16 66
41 18 64
41 19 55
41 20 78
41 23 66
41 24 53
41 25 70
41 26 42
41 27 61
41 28 61
41 29 40
41 30 65
41 31 80
41 32 65
41 33 53
41 36 48
41 37 52
41 38 73
41 40 59
41 42 69
41 43 73
41 44 50
41 45 43
41 47 42
41 48 75
41 49 66
41 50 59
41 51 40
41 53 50
41 54 48
41 55 46
41 56 61
41 57 43
41 58 57
41 59 46
41 60 51
41 61 56
41 62 51
41 63 54
41 64 41
41 65 63
41 67 45
41 68 70
41 69 71
41 71 65
41 73 56
41 74 77
41 75 75
41 76 65
41 77 69
41 78 48
41 79 41
41 80 80
41 81 63
41 82 67
41 83 66
41 86 69
41 87 63
41 88 63
41 89 80
41 90 58
41 91 80
41 92 75
41 93 78
41 94 67
41 95 49
41 96 76
41 97 67
41 98 51
41 99 78
42 1 49
42 2 73
42 3 68
42 4 46
42 5 41
42 6 51
42 7 78
42 8 46
42 9 53
42 10 57
42 11 71
42 12 50
42 13 42
42 14 80
42 15 55
42 16 47
42 17 76
42 18 74
42 19 43
42 20 80
42 21 72
42 23 43
42 25 64
42 26 67
42 27 58
42 28 45
42 29 45
42 30 74
42 31 47
42 32 72
42 33 64
42 34 46
42 36 47
42 37 50
42 38 51
42 39 68
42 41 69
42 43 78
42 44 71
42 45 41
42 46 77
42 47 61
42 48 66
42 49 51
42 50 55
42 51 46
42 52 44
42 53 56
42 54 45
42 55 70
42 57 61
42 59 55
42 60 44
42 61 56
42 62 79
42 63 65
42 64 53
42 65 50
42 66 62
42 67 45
42 68 44
42 69 44
42 70 71
42 71 60
42 72 40
42 74 46
42 76 47
42 77 54
42 79 71
42 82 50
42 85 57
42 86 42
42 87 47
42 88 62
42 89 70
42 90 61
42 91 69
42 92 47
42 94 70
42 95 51
42 96 58
42 97 62
42 99 59
43 1 52
43 2 41
43 3 52
43 4 72
43 5 56
43 6 57
43 7 40
43 9 51
43 12 63
43 13 41
43 14 44
43 16 45
43 17 56
43 19 68
43 20 65
43 21 79
43 23 60
43 26 72
43 27 60
43 28 74
43 29 65
43 30 72
43 34 72
43 35 45
43 38 44
43 41 73
43 42 78
43 44 61
43 45 59
43 46 49
43 47 51
43 49 61
43 51 59
43 52 50
43 53 56
43 54 40
43 55 50
43 56 43
43 57 53
43 58 80
43 59 52
43 60 79
43 62 63
43 63 76
43 64 73
43 65 63
43 66 59
43 67 64
43 69 47
43 70 52
43 71 61
43 72 48
43 73 48
43 75 51
43 76 42
43 77 64
43 79 80
43 81 42
43 82 63
43 83 67
43 86 70
43 87 40
43 89 46
43 91 71
43 92 56
43 94 64
43 95 61
43 96 74
43 98 80
43 99 52
44 2 40
44 3 57
44 4 49
44 5 50
44 6 46
44 7 57
44 8 60
44 9 62
44 10 76
44 11 78
44 12 64
44 13 50
44 14 61
44 15 43
44 16 76
44 18 65
44 20 69
44 21 50
44 22 63
44 23 59
44 24 44
44 25 65
44 27 41
44 28 78
44 29 64
44 30 66
44 31 43
44 32 79
44 33 42
44 34 41
44 35 42
44 36 56
44 37 45
44 38 43
44 39 66
44 40 46
44 41 50
44 42 71
44 43 61
44 45 64
44 46 77
44 48 79
44 49 54
44 50 61
44 51 49
44 52 55
44 54 50
44 55 56
44 56 73
44 57 62
44 58 51
44 59 69
44 60 45
44 61 70
44 62 74
44 63 54
44 64 46
44 65 80
44 67 63
44 68 63
44 69 69
44 70 46
44 71 69
44 72 54
44 73 61
44 74 55
44 75 50
44 76 66
44 77 51
44 78 67
44 80 47
44 81 80
44 82 51
44 84 79
44 85 57
44 86 60
44 88 41
44 89 48
44 90 73
44 91 53
44 92 75
44 93 53
44 94 51
44 96 54
44 97 48
44 98 41
44 99 68
45 1 74
45 2 80
45 5 72
45 7 79
45 8 44
45 9 48
45 11 56
45 12 44
45 14 58
45 15 52
45 16 59
45 17 79
45 18 44
45 19 49
45 21 69
45 22 78
45 25 59
45 28 50
45 29 65
45 31 58
45 35 48
45 36 56
45 37 46
45 39 50
45 40 40
45 41 43
45 42 41
45 43 59
45 44 64
45 46 78
45 47 43
45 48 71
45 49 63
45 50 63
45 51 57
45 52 47
45 53 50
45 54 52
45 55 52
45 56 77
45 58 51
45 61 54
45 63 54
45 64 73
45 65 66
45 66 71
45 67 53
45 68 61
45 69 73
45 70 52
45 71 74
45 72 60
45 73 62
45 74 46
45 75 45
45 76 59
45 78 50
45 79 43
45 80 62
45 82 63
45 83 78
45 84 76
45 86 50
45 87 48
45 89 49
45 90 56
45 91 67
45 92 51
45 93 53
45 95 50
45 97 57
46 1 77
46 2 64
46 3 78
46 4 72
46 5 48
46 6 56
46 7 79
46 9 69
46 10 77
46 11 74
46 13 60
46 14 42
46 15 40
46 16 58
46 17 73
46 18 59
46 19 55
46 20 42
46 21 45
46 22 59
46 23 58
46 24 65
46 25 44
46 26 41
46 27 57
46 28 71
46 29 70
46 30 75
46 31 49
46 32 66
46 33 74
46 35 43
46 37 61
46 38 77
46 39 60
46 40 50
46 42 77
46 43 49
46 44 77
46 45 78
46 47 63
46 48 79
46 49 49
46 50 72
46 51 58
46 52 75
46 53 66
46 54 65
46 55 65
46 56 63
46 57 47
46 58 44
46 59 44
46 61 42
46 62 45
46 63 44
46 64 52
46 65 44
46 66 40
46 68 79
46 69 77
46 70 75
46 71 77
46 72 74
46 73 41
46 74 42
46 75 57
46 77 79
46 78 58
46 79 73
46 80 62
46 81 76
46 83 59
46 84 55
46 85 49
46 86 74
46 88 43
46 90 56
46 91 53
46 94 40
46 95 54
46 96 80
46 97 64
46 98 47
46 99 60
47 1 50
47 2 69
47 3 65
47 4 59
47 6 80
47 7 51
47 9 80
47 10 64
47 11 45
47 12 80
47 13 67
47 15 50
47 16 75
47 17 61
47 18 78
47 19 60
47 21 71
47 24 78
47 25 55
47 26 68
47 27 41
47 28 64
47 29 79
47 30 62
47 32 48
47 35 46
47 36 67
47 38 48
47 40 48
47 41 42
47 42 61
47 43 51
47 45 43
47 46 63
47 49 73
47 50 65
47 51 73
47 52 58
47 53 60
47 54 70
47 56 65
47 57 77
47 58 68
47 59 73
47 60 68
47 62 47
47 63 59
47 64 42
47 65 65
47 66 75
47 67 49
47 68 73
47 69 68
47 70 55
47 71 50
47 73 57
47 74 80
47 75 47
47 76 43
47 78 80
47 79 73
47 81 62
47 82 70
47 83 77
47 85 77
47 87 48
47 88 67
47 89 45
47 90 77
47 91 43
47 92 54
47 93 45
47 94 70
47 95 51
47 96 42
47 97 80
47 98 48
48 1 40
48 2 73
48 3 42
48 5 47
48 7 74
48 8 73
48 10 45
48 13 52
48 14 70
48 15 48
48 16 41
48 18 42
48 19 59
48 20 65
48 21 76
48 23 47
48 24 79
48 25 66
48 26 51
48 27 43
48 28 79
48 31 79
48 32 63
48 33 51
48 34 73
48 35 68
48 36 53
48 39 61
48 40 63
48 41 75
48 42 66
48 44 79
48 45 71
48 46 79
48 49 77
48 50 65
48 51 66
48 52 79
48 53 66
48 54 59
48 55 43
48 56 68
48 57 49
48 58 79
48 59 54
48 60 73
48 63 73
48 65 53
48 66 49
48 67 40
48 69 40
48 70 54
48 71 48
48 72 41
48 73 70
48 75 66
48 76 56
48 79 53
48 80 67
48 81 70
48 82 78
48 83 53
48 84 40
48 88 62
48 89 67
48 90 64
48 91 53
48 92 43
48 93 60
48 94 58
48 95 73
48 96 78
48 97 69
48 98 65
48 99 80
49 1 66
49 2 43
49 4 71
49 5 73
49 6 68
49 7 47
49 8 72
49 9 41
49 10 73
49 11 76
49 12 68
49 13 68
49 14 64
49 15 54
49 16 49
49 17 67
49 18 54
49 21 74
49 22 70
49 23 49
49 25 77
49 26 53
49 27 72
49 28 44
49 29 55
49 30 66
49 31 48
49 32 65
49 33 42
49 34 42
49 36 47
49 37 70
49 38 45
49 39 56
49 41 66
49 42 51
49 43 61
49 44 54
49 45 63
49 46 49
49 47 73
49 48 77
49 50 69
49 52 66
49 53 73
49 54 53
49 55 50
49 56 60
49 57 71
49 58 46
49 59 71
49 60 78
49 61 45
49 62 55
49 65 48
49 66 52
49 67 69
49 68 58
49 69 56
49 71 52
49 72 54
49 73 55
49 75 42
49 77 72
49 78 54
49 79 68
49 80 75
49 81 54
49 82 58
49 84 50
49 85 49
49 86 71
49 88 79
49 89 42
49 90 69
49 91 51
49 92 43
49 93 73
49 94 45
49 95 79
49 97 45
49 98 80
49 99 79
50 1 68
50 3 61
50 5 67
50 6 49
50 8 76
50 9 80
50 10 65
50 11 47
50 12 75
50 15 59
50 16 50
50 17 48
50 18 49
50 19 68
50 21 63
50 23 43
50 25 77
50 26 41
50 27 66
50 28 43
50 29 65
50 31 69
50 32 53
50 33 53
50 35 45
50 36 52
50 38 52
50 39 72
50 41 59
50 42 55
50 44 61
50 45 63
50 46 72
50 47 65
50 48 65
50 49 69
50 51 67
50 52 56
50 53 47
50 54 67
50 55 74
50 56 76
50 57 53
50 59 59
50 60 69
50 62 80
50 63 61
50 64 65
50 65 73
50 67 78
50 68 42
50 69 55
50 70 68
50 71 47
50 72 61
50 74 45
50 76 56
50 78 53
50 79 48
50 80 77
50 82 51
50 83 79
50 85 48
50 86 54
50 88 69
50 90 78
50 91 70
50 92 48
50 93 59
50 94 40
50 96 48
50 97 68
50 98 61
51 1 66
51 2 51
51 5 51
51 7 40
51 8 57
51 9 54
51 10 62
51 11 58
51 12 65
51 13 72
51 14 42
51 16 73
51 17 80
51 18 55
51 19 79
51 20 72
51 21 63
51 22 55
51 23 41
51 24 45
51 25 50
51 27 71
51 30 49
51 31 77
51 32 51
51 33 75
51 35 46
51 36 53
51 37 43
51 38 76
51 39 45
51 40 47
51 41 40
51 42 46
51 43 59
51 44 49
51 45 57
51 46 58
51 47 73
51 48 66
51 50 67
51 55 54
51 56 70
51 58 63
51 59 77
51 61 75
51 64 76
51 66 52
51 67 42
51 68 55
51 72 77
51 74 78
51 75 55
51 76 78
51 77 64
51 78 44
51 79 50
51 81 75
51 82 55
51 84 61
51 85 67
51 87 52
51 90 62
51 91 55
51 92 50
51 93 67
51 94 44
51 95 56
51 96 78
51 97 46
51 98 80
52 1 43
52 2 53
52 3 77
52 4 45
52 6 62
52 7 72
52 8 56
52 9 44
52 11 55
52 12 50
52 13 78
52 14 50
52 16 65
52 18 78
52 19 78
52 20 47
52 21 71
52 22 60
52 23 49
52 24 40
52 25 66
52 26 73
52 27 80
52 28 48
52 29 56
52 31 53
52 32 70
52 33 67
52 36 48
52 37 49
52 38 79
52 39 45
52 40 40
52 42 44
52 43 50
52 44 55
52 45 47
52 46 75
52 47 58
52 48 79
52 49 66
52 50 56
52 53 45
52 54 51
52 57 49
52 59 65
52 60 76
52 63 46
52 64 77
52 65 50
52 66 40
52 67 50
52 68 50
52 69 69
52 70 68
52 71 42
52 72 47
52 73 43
52 74 54
52 75 63
52 76 55
52 78 40
52 80 40
52 82 48
52 83 43
52 84 44
52 85 56
52 86 74
52 87 66
52 88 65
52 89 44
52 90 62
52 92 52
52 93 48
52 95 54
52 96 80
52 97 70
52 98 63
52 99 71
53 1 43
53 3 65
53 4 54
53 7 49
53 8 54
53 9 66
53 10 75
53 12 44
53 13 67
53 15 40
53 16 61
53 17 53
53 18 45
53 19 60
53 20 62
53 23 69
53 25 78
53 27 73
53 28 60
53 29 79
53 30 66
53 31 47
53 32 73
53 33 66
53 34 51
53 35 44
53 38 49
53 39 42
53 40 70
53 41 50
53 42 56
53 43 56
53 45 50
53 46 66
53 47 60
53 48 66
53 49 73
53 50 47
53 52 45
53 55 49
53 56 69
53 57 70
53 58 68
53 59 52
53 60 66
53 61 72
53 62 47
53 63 74
53 64 71
53 65 43
53 66 52
53 67 69
53 68 57
53 69 58
53 70 67
53 72 71
53 75 71
53 76 54
53 78 53
53 79 50
53 81 41
53 82 80
53 83 53
53 84 43
53 85 71
53 86 51
53 87 43
53 88 71
53 90 79
53 91 46
53 92 64
53 93 50
53 94 79
53 95 66
53 96 57
53 97 60
53 98 61
53 99 67
54 1 40
54 2 47
54 3 47
54 5 46
54 6 63
54 7 50
54 8 56
54 9 70
54 10 69
54 11 50
54 12 75
54 13 45
54 14 52
54 17 75
54 18 78
54 19 71
54 20 75
54 22 65
54 23 80
54 24 45
54 25 62
54 26 54
54 27 70
54 29 67
54 30 66
54 31 50
54 32 58
54 33 49
54 34 56
54 35 79
54 36 57
54 37 68
54 39 76
54 40 41
54 41 48
54 42 45
54 43 40
54 44 50
54 45 52
54 46 65
54 47 70
54 48 59
54 49 53
54 50 67
54 52 51
54 55 41
54 56 67
54 59 55
54 60 74
54 61 63
54 62 69
54 63 40
54 64 72
54 67 76
54 68 40
54 69 55
54 70 79
54 71 51
54 72 54
54 74 54
54 75 47
54 76 68
54 77 56
54 78 76
54 79 55
54 80 49
54 81 59
54 83 74
54 84 44
54 86 74
54 89 40
54 90 55
54 92 53
54 94 54
54 96 51
54 97 78
54 98 76
54 99 77
55 1 73
55 2 55
55 3 55
55 5 54
55 6 69
55 7 69
55 8 60
55 9 68
55 10 65
55 11 44
55 12 43
55 13 47
55 15 47
55 16 69
55 18 61
55 19 66
55 21 44
55 24 77
55 25 65
55 26 57
55 27 80
55 28 45
55 29 63
55 30 73
55 31 78
55 32 75
55 33 54
55 34 57
55 37 41
55 38 52
55 39 40
55 40 71
55 41 46
55 42 70
55 43 50
55 44 56
55 45 52
55 46 65
55 48 43
55 49 50
55 50 74
55 51 54
55 53 49
55 54 41
55 56 72
55 57 53
55 58 69
55 59 72
55 60 67
55 61 44
55 62 62
55 63 45
55 64 59
55 65 46
55 66 43
55 68 45
55 69 80
55 70 56
55 71 54
55 72 53
55 74 49
55 75 43
55 76 45
55 77 77
55 78 42
55 79 62
55 80 62
55 81 67
55 82 42
55 83 79
55 84 41
55 85 46
55 86 77
55 87 70
55 88 50
55 89 78
55 92 62
55 93 58
55 94 50
55 95 60
55 97 74
56 1 46
56 2 60
56 3 52
56 4 79
56 5 42
56 6 53
56 8 40
56 9 67
56 10 61
56 12 59
56 14 65
56 15 66
56 16 67
56 17 46
56 18 45
56 19 80
56 20 80
56 21 51
56 22 61
56 25 77
56 26 58
56 27 41
56 28 45
56 29 46
56 30 48
56 31 41
56 32 45
56 33 40
56 34 41
56 35 58
56 36 61
56 37 57
56 38 73
56 39 69
56 40 49
56 41 61
56 43 43
56 44 73
56 45 77
56 46 63
56 47 65
56 48 68
56 49 60
56 50 76
56 51 70
56 53 69
56 54 67
56 55 72
56 58 57
56 59 77
56 60 68
56 61 48
56 62 46
56 63 80
56 64 70
56 65 46
56 66 64
56 67 64
56 68 42
56 69 73
56 70 50
56 71 42
56 72 53
56 74 72
56 75 60
56 76 77
56 77 42
56 78 51
56 79 78
56 81 79
56 82 55
56 83 75
56 84 76
56 86 79
56 87 44
56 88 70
56 90 65
56 92 56
56 93 59
56 94 63
56 95 42
56 96 80
56 97 57
56 98 43
56 99 58
57 1 66
57 2 65
57 3 58
57 5 54
57 6 55
57 7 77
57 8 40
57 9 72
57 10 55
57 11 55
57 12 55
57 13 65
57 16 80
57 17 50
57 20 49
57 21 52
57 22 71
57 24 51
57 25 79
57 26 69
57 29 71
57 30 59
57 32 65
57 34 62
57 36 56
57 37 48
57 38 63
57 39 80
57 40 79
57 41 43
57 42 61
57 43 53
57 44 62
57 46 47
57 47 77
57 48 49
57 49 71
57 50 53
57 52 49
57 53 70
57 55 53
57 58 54
57 59 42
57 60 54
57 61 57
57 62 80
57 63 54
57 64 76
57 65 68
57 67 40
57 68 53
57 69 64
57 70 48
57 71 50
57 72 50
57 73 65
57 77 66
57 78 40
57 79 67
57 81 72
57 82 59
57 83 66
57 84 53
57 85 41
57 86 58
57 87 80
57 90 74
57 91 52
57 92 76
57 93 46
57 96 70
57 97 49
57 98 50
57 99 75
58 1 58
58 2 70
58 3 70
58 4 77
58 5 73
58 6 54
58 7 77
58 8 48
58 10 80
58 11 48
58 12 44
58 13 45
58 15 78
58 16 58
58 17 69
58 18 79
58 19 75
58 20 55
58 21 50
58 22 44
58 23 61
58 24 44
58 25 56
58 26 49
58 29 49
58 31 68
58 32 61
58 34 49
58 35 78
58 36 40
58 37 51
58 38 57
58 40 65
58 41 57
58 43 80
58 44 51
58 45 51
58 46 44
58 47 68
58 48 79
58 49 46
58 51 63
58 53 68
58 55 69
58 56 57
58 57 54
58 59 44
58 61 76
58 62 54
58 63 68
58 65 52
58 66 75
58 67 80
58 68 69
58 69 52
58 70 53
58 71 49
58 72 56
58 74 53
58 75 69
58 76 69
58 78 73
58 79 70
58 81 62
58 83 40
58 85 73
58 86 45
58 87 69
58 88 51
58 89 50
58 91 44
58 92 60
58 93 64
58 94 62
58 96 65
58 97 76
58 98 67
58 99 55
59 1 56
59 2 51
59 3 64
59 4 67
59 5 42
59 7 79
59 8 56
59 9 79
59 10 50
59 11 64
59 12 77
59 14 63
59 15 43
59 16 65
59 17 70
59 18 52
59 20 50
59 21 74
59 22 44
59 23 58
59 24 64
59 25 55
59 26 45
59 28 40
59 29 55
59 31 47
59 32 53
59 33 69
59 34 74
59 35 60
59 37 48
59 38 77
59 39 59
59 41 46
59 42 55
59 43 52
59 44 69
59 46 44
59 47 73
59 48 54
59 49 71
59 50 59
59 51 77
59 52 65
59 53 52
59 54 55
59 55 72
59 56 77
59 57 42
59 58 44
59 60 62
59 61 48
59 63 44
59 64 52
59 65 42
59 67 42
59 69 55
59 71 69
59 75 52
59 76 73
59 78 55
59 79 79
59 80 59
59 81 73
59 82 70
59 83 78
59 84 43
59 85 67
59 86 51
59 88 53
59 89 50
59 91 72
59 92 67
59 93 47
59 94 73
59 96 54
59 97 45
59 98 71
59 99 40
60 1 75
60 2 64
60 3 61
60 4 66
60 5 60
60 6 59
60 7 54
60 9 46
60 10 79
60 11 72
60 12 56
60 13 48
60 16 40
60 17 74
60 19 60
60 21 75
60 23 45
60 24 64
60 25 74
60 26 43
60 27 45
60 28 41
60 29 58
60 30 44
60 31 42
60 32 80
60 34 67
60 35 40
60 36 77
60 37 40
60 38 47
60 39 65
60 41 51
60 42 44
60 43 79
60 44 45
60 47 68
60 48 73
60 49 78
60 50 69
60 52 76
60 53 66
60 54 74
60 55 67
60 56 68
60 57 54
60 59 62
60 61 59
60 62 46
60 63 77
60 64 48
60 65 79
60 66 72
60 67 54
60 68 79
60 69 52
60 70 68
60 71 44
60 72 41
60 73 53
60 74 51
60 75 58
60 76 60
60 79 72
60 80 79
60 81 73
60 84 78
60 85 67
60 86 57
60 87 54
60 88 57
60 89 57
60 90 64
60 91 49
60 92 53
60 93 42
60 95 76
60 96 45
60 98 49
60 99 63
61 1 68
61 2 54
61 3 78
61 4 74
61 9 69
61 10 53
61 13 69
61 14 48
61 15 64
61 16 67
61 17 48
61 18 77
61 19 66
61 20 52
61 22 45
61 23 54
61 24 55
61 25 71
61 26 71
61 27 79
61 28 61
61 29 42
61 30 47
61 32 69
61 33 73
61 34 75
61 35 46
61 36 72
61 38 45
61 41 56
61 42 56
61 44 70
61 45 54
61 46 42
61 49 45
61 51 75
61 53 72
61 54 63
61 55 44
61 56 48
61 57 57
61 58 76
61 59 48
61 60 59
61 62 50
61 63 58
61 64 60
61 66 60
61 67 76
61 69 43
61 70 69
61 74 60
61 75 57
61 76 64
61 77 78
61 78 44
61 79 51
61 80 68
61 81 54
61 82 76
61 84 55
61 86 46
61 87 80
61 88 77
61 91 64
61 93 73
61 95 59
61 96 60
61 98 42
61 99 43
62 2 40
62 3 65
62 4 61
62 5 78
62 6 79
62 7 59
62 8 42
62 9 48
62 10 64
62 11 47
62 12 51
62 13 49
62 14 72
62 15 80
62 16 67
62 17 65
62 19 61
62 20 62
62 21 60
62 22 76
62 23 55
62 24 40
62 25 70
62 27 58
62 28 64
62 29 68
62 30 75
62 31 74
62 32 73
62 34 61
62 36 51
62 37 40
62 38 57
62 39 80
62 40 42
62 41 51
62 42 79
62 43 63
62 44 74
62 46 45
62 47 47
62 49 55
62 50 80
62 53 47
62 54 69
62 55 62
62 56 46
62 57 80
62 58 54
62 60 46
62 61 50
62 63 53
62 64 52
62 66 71
62 68 47
62 69 48
62 70 53
62 73 55
62 74 59
62 75 46
62 76 44
62 77 57
62 78 45
62 79 45
62 80 67
62 81 41
62 82 41
62 83 72
62 84 73
62 85 78
62 86 40
62 87 53
62 88 66
62 89 43
62 90 55
62 91 47
62 92 80
62 93 61
62 94 45
62 95 58
62 97 76
62 98 50
62 99 54
63 3 43
63 4 42
63 5 52
63 7 55
63 8 75
63 9 46
63 10 40
63 11 71
63 13 64
63 14 72
63 16 53
63 17 54
63 18 62
63 22 55
63 23 72
63 24 50
63 25 45
63 26 45
63 27 59
63 28 64
63 30 71
63 31 72
63 32 43
63 33 53
63 34 45
63 35 44
63 37 46
63 40 69
63 41 54
63 42 65
63 43 76
63 44 54
63 45 54
63 46 44
63 47 59
63 48 73
63 50 61
63 52 46
63 53 74
63 54 40
63 55 45
63 56 80
63 57 54
63 58 68
63 59 44
63 60 77
63 61 58
63 62 53
63 64 57
63 65 62
63 66 46
63 67 80
63 68 47
63 69 45
63 70 49
63 71 52
63 72 74
63 73 57
63 74 52
63 75 56
63 76 59
63 77 73
63 79 48
63 80 63
63 81 56
63 82 75
63 83 46
63 84 56
63 85 80
63 86 66
63 87 44
63 89 50
63 91 46
63 92 63
63 94 68
63 95 66
63 97 42
63 98 41
63 99 78
64 1 68
64 2 77
64 3 79
64 5 45
64 6 58
64 7 56
64 8 73
64 9 63
64 10 70
64 11 74
64 12 65
64 13 74
64 14 49
64 15 69
64 16 63
64 17 59
64 18 76
64 19 73
64 22 79
64 24 64
64 25 71
64 26 56
64 27 62
64 29 56
64 30 70
64 31 75
64 32 79
64 33 60
64 34 43
64 35 75
64 38 75
64 39 66
64 40 70
64 41 41
64 42 53
64 43 73
64 44 46
64 45 73
64 46 52
64 47 42
64 50 65
64 51 76
64 52 77
64 53 71
64 54 72
64 55 59
64 56 70
64 57 76
64 59 52
64 60 48
64 61 60
64 62 52
64 63 57
64 66 67
64 67 43
64 68 54
64 69 54
64 70 78
64 71 67
64 72 45
64 73 76
64 74 48
64 75 63
64 76 64
64 78 74
64 80 56
64 81 56
64 82 75
64 83 80
64 84 69
64 86 54
64 87 51
64 88 57
64 89 71
64 90 64
64 92 51
64 93 60
64 95 64
64 96 76
64 97 68
64 98 61
64 99 46
65 1 47
65 2 67
65 3 59
65 4 61
65 5 54
65 6 60
65 7 49
65 8 49
65 9 59
65 10 62
65 11 76
65 12 73
65 13 41
65 14 77
65 15 80
65 16 76
65 17 62
65 18 75
65 19 65
65 20 54
65 21 74
65 22 78
65 23 58
65 24 66
65 25 68
65 26 78
65 27 76
65 28 51
65 29 61
65 30 57
65 31 54
65 32 44
65 33 49
65 35 73
65 36 61
65 38 66
65 39 67
65 40 70
65 41 63
65 42 50
65 43 63
65 44 80
65 45 66
65 46 44
65 47 65
65 48 53
65 49 48
65 50 73
65 52 50
65 53 43
65 55 46
65 56 46
65 57 68
65 58 52
65 59 42
65 60 79
65 63 62
65 67 69
65 68 49
65 73 44
65 74 62
65 75 73
65 76 55
65 77 58
65 78 56
65 79 42
65 80 42
65 81 62
65 82 66
65 83 70
65 85 80
65 86 69
65 88 45
65 89 48
65 91 44
65 92 40
65 93 53
65 95 61
65 97 68
65 98 52
65 99 72
66 2 72
66 3 56
66 4 57
66 5 56
66 6 72
66 7 74
66 9 69
66 12 50
66 13 62
66 14 62
66 15 67
66 18 65
66 19 73
66 20 76
66 22 56
66 24 65
66 26 73
66 27 45
66 28 56
66 29 52
66 30 46
66 31 57
66 32 79
66 33 43
66 34 52
66 35 75
66 36 48
66 38 76
66 39 58
66 40 71
66 42 62
66 43 59
66 45 71
66 46 40
66 47 75
66 48 49
66 49 52
66 51 52
66 52 40
66 53 52
66 55 43
66 56 64
66 58 75
66 60 72
66 61 60
66 62 71
66 63 46
66 64 67
66 67 45
66 68 69
66 69 72
66 70 71
66 71 64
66 73 61
66 74 79
66 75 71
66 76 48
66 79 48
66 80 71
66 81 73
66 83 58
66 85 68
66 86 75
66 87 68
66 88 64
66 89 79
66 92 65
66 94 41
66 95 80
66 96 50
66 97 52
66 98 53
66 99 47
67 1 41
67 2 78
67 3 45
67 4 62
67 5 76
67 6 65
67 7 56
67 8 47
67 9 59
67 10 70
67 11 69
67 13 43
67 14 74
67 16 66
67 17 47
67 18 61
67 19 73
67 20 52
67 21 53
67 22 71
67 23 46
67 24 57
67 25 49
67 26 73
67 27 73
67 28 51
67 29 49
67 31 80
67 32 61
67 33 62
67 34 51
67 35 45
67 36 43
67 38 71
67 39 40
67 40 62
67 41 45
67 42 45
67 43 64
67 44 63
67 45 53
67 47 49
67 48 40
67 49 69
67 50 78
67 51 42
67 52 50
67 53 69
67 54 76
67 56 64
67 57 40
67 58 80
67 59 42
67 60 54
67 61 76
67 63 80
67 64 43
67 65 69
67 66 45
67 68 78
67 71 76
67 72 44
67 73 60
67 74 69
67 76 78
67 78 69
67 79 54
67 80 58
67 81 70
67 82 53
67 83 53
67 85 41
67 87 59
67 88 67
67 89 46
67 90 47
67 91 57
67 92 64
67 93 70
67 95 76
67 96 73
67 97 54
67 98 59
67 99 79
68 1 78
68 2 62
68 3 72
68 4 70
68 5 65
68 6 57
68 7 61
68 8 69
68 10 58
68 12 56
68 13 72
68 14 56
68 15 66
68 16 49
68 17 80
68 20 48
68 21 58
68 24 63
68 26 76
68 28 54
68 29 70
68 30 41
68 31 60
68 32 45
68 33 40
68 34 59
68 35 52
68 36 56
68 37 43
68 38 58
68 39 57
68 40 57
68 41 70
68 42 44
68 44 63
68 45 61
68 46 79
68 47 73
68 49 58
68 50 42
68 51 55
68 52 50
68 53 57
68 54 40
68 55 45
68 56 42
68 57 53
68 58 69
68 60 79
68 62 47
68 63 47
68 64 54
68 65 49
68 66 69
68 67 78
68 69 65
68 70 41
68 71 45
68 73 78
68 74 52
68 76 49
68 77 40
68 79 48
68 80 75
68 81 43
68 82 51
68 83 71
68 84 54
68 85 77
68 86 49
68 89 46
68 90 46
68 91 73
68 93 52
68 94 63
68 95 62
68 96 46
68 99 80
69 1 59
69 3 72
69 4 59
69 5 71
69 6 48
69 9 67
69 10 40
69 11 67
69 12 67
69 13 71
69 14 66
69 15 54
69 17 51
69 18 69
69 19 47
69 20 60
69 21 76
69 22 61
69 23 71
69 24 52
69 25 52
69 26 44
69 28 78
69 29 66
69 30 51
69 31 79
69 32 72
69 33 79
69 34 79
69 35 67
69 36 65
69 37 56
69 38 55
69 40 78
69 41 71
69 42 44
69 43 47
69 44 69
69 45 73
69 46 77
69 47 68
69 48 40
69 49 56
69 50 55
69 52 69
69 53 58
69 54 55
69 55 80
69 56 73
69 57 64
69 58 52
69 59 55
69 60 52
69 61 43
69 62 48
69 63 45
69 64 54
69 66 72
69 68 65
69 71 46
69 73 52
69 74 61
69 78 61
69 79 79
69 80 58
69 81 78
69 82 70
69 83 60
69 84 71
69 85 44
69 86 52
69 87 76
69 89 60
69 90 51
69 93 54
69 97 40
69 98 63
69 99 74
70 1 62
70 3 80
70 4 45
70 5 72
70 6 60
70 7 66
70 9 67
70 10 67
70 11 60
70 12 63
70 13 74
70 14 66
70 15 70
70 16 57
70 17 46
70 18 66
70 19 43
70 20 75
70 21 44
70 22 65
70 23 77
70 24 43
70 25 62
70 26 51
70 27 41
70 28 50
70 29 72
70 30 69
70 31 48
70 32 76
70 34 64
70 35 80
70 36 72
70 37 62
70 38 76
70 39 71
70 42 71
70 43 52
70 44 46
70 45 52
70 46 75
70 47 55
70 48 54
70 50 68
70 52 68
70 53 67
70 54 79
70 55 56
70 56 50
70 57 48
70 58 53
70 60 68
70 61 69
70 62 53
70 63 49
70 64 78
70 66 71
70 68 41
70 71 74
70 72 78
70 73 58
70 74 48
70 75 66
70 76 76
70 77 64
70 79 72
70 80 52
70 81 52
70 82 65
70 83 57
70 84 73
70 85 58
70 86 56
70 87 72
70 89 78
70 90 54
70 91 64
70 92 78
70 93 44
70 95 64
70 96 79
70 97 52
70 98 46
70 99 42
71 1 58
71 2 52
71 3 41
71 4 42
71 5 73
71 6 80
71 8 72
71 9 66
71 10 57
71 14 41
71 15 40
71 17 53
71 18 56
71 19 64
71 22 79
71 23 64
71 26 48
71 27 77
71 28 57
71 29 52
71 31 40
71 32 64
71 33 56
71 34 43
71 36 77
71 37 42
71 39 45
71 40 57
71 41 65
71 42 60
71 43 61
71 44 69
71 45 74
71 46 77
71 47 50
71 48 48
71 49 52
71 50 47
71 52 42
71 54 51
71 55 54
71 56 42
71 57 50
71 58 49
71 59 69
71 60 44
71 63 52
71 64 67
71 66 64
71 67 76
71 68 45
71 69 46
71 70 74
71 72 68
71 73 50
71 74 60
71 75 57
71 77 56
71 79 56
71 80 45
71 81 42
71 82 74
71 83 66
71 84 41
71 85 63
71 87 80
71 88 65
71 89 53
71 90 73
71 91 41
71 92 53
71 93 54
71 94 72
71 95 60
71 96 61
71 97 60
71 98 59
71 99 45
72 1 78
72 2 50
72 3 73
72 4 45
72 5 45
72 6 67
72 7 68
72 8 41
72 9 46
72 10 50
72 11 40
72 12 77
72 13 64
72 15 57
72 16 67
72 19 70
72 21 43
72 23 80
72 24 80
72 25 46
72 27 48
72 28 47
72 29 70
72 30 62
72 31 44
72 32 53
72 33 69
72 34 77
72 35 59
72 37 61
72 38 80
72 39 64
72 42 40
72 43 48
72 44 54
72 45 60
72 46 74
72 48 41
72 49 54
72 50 61
72 51 77
72 52 47
72 53 71
72 54 54
72 55 53
72 56 53
72 57 50
72 58 56
72 60 41
72 63 74
72 64 45
72 67 44
72 70 78
72 71 68
72 75 65
72 77 49
72 78 61
72 79 45
72 80 44
72 81 44
72 82 49
72 83 55
72 84 80
72 85 78
72 86 74
72 87 59
72 90 47
72 91 48
72 92 55
72 93 55
72 94 70
72 95 45
72 97 56
72 98 44
72 99 52
73 1 50
73 2 56
73 3 76
73 4 68
73 5 59
73 6 72
73 7 76
73 8 64
73 9 57
73 10 58
73 11 66
73 12 70
73 15 69
73 16 41
73 17 73
73 18 55
73 19 54
73 20 67
73 21 50
73 23 51
73 24 61
73 25 44
73 26 41
73 29 76
73 30 57
73 31 66
73 32 44
73 33 72
73 34 48
73 35 58
73 36 70
73 38 78
73 40 68
73 41 56
73 43 48
73 44 61
73 45 62
73 46 41
73 47 57
73 48 70
73 49 55
73 52 43
73 57 65
73 60 53
73 62 55
73 63 57
73 64 76
73 65 44
73 66 61
73 67 60
73 68 78
73 69 52
73 70 58
73 71 50
73 75 46
73 76 40
73 77 73
73 78 58
73 79 45
73 80 58
73 81 64
73 82 52
73 83 52
73 84 76
73 86 76
73 87 77
73 88 52
73 89 51
73 92 56
73 93 61
73 94 62
73 95 69
73 96 77
73 97 61
73 98 71
74 1 61
74 2 78
74 3 44
74 4 78
74 5 77
74 6 43
74 7 75
74 8 75
74 10 64
74 11 78
74 12 74
74 13 80
74 14 55
74 15 59
74 16 75
74 17 50
74 18 58
74 19 54
74 21 53
74 22 71
74 23 74
74 24 41
74 25 43
74 26 53
74 27 65
74 28 66
74 29 65
74 30 44
74 31 69
74 32 58
74 33 47
74 34 68
74 35 79
74 36 59
74 37 63
74 38 60
74 39 48
74 40 47
74 41 77
74 42 46
74 44 55
74 45 46
74 46 42
74 47 80
74 50 45
74 51 78
74 52 54
74 54 54
74 55 49
74 56 72
74 58 53
74 60 51
74 61 60
74 62 59
74 63 52
74 64 48
74 65 62
74 66 79
74 67 69
74 68 52
74 69 61
74 70 48
74 71 60
74 75 45
74 77 47
74 78 45
74 80 72
74 81 75
74 85 69
74 86 59
74 87 40
74 88 68
74 89 42
74 90 45
74 91 62
74 92 67
74 93 42
74 94 45
74 96 75
74 97 60
74 98 43
74 99 45
75 1 78
75 3 78
75 5 69
75 6 45
75 7 63
75 8 42
75 10 70
75 11 64
75 12 41
75 13 79
75 14 45
75 15 66
75 16 45
75 17 49
75 18 73
75 19 52
75 21 57
75 22 51
75 25 58
75 26 62
75 28 53
75 29 78
75 30 60
75 31 60
75 32 68
75 33 50
75 35 69
75 36 61
75 37 45
75 38 74
75 39 44
75 40 50
75 41 75
75 43 51
75 44 50
75 45 45
75 46 57
75 47 47
75 48 66
75 49 42
75 51 55
75 52 63
75 53 71
75 54 47
75 55 43
75 56 60
75 58 69
75 59 52
75 60 58
75 61 57
75 62 46
75 63 56
75 64 63
75 65 73
75 66 71
75 70 66
75 71 57
75 72 65
75 73 46
75 74 45
75 76 53
75 77 66
75 78 58
75 79 77
75 80 69
75 81 61
75 82 77
75 83 66
75 84 62
75 85 64
75 86 68
75 87 47
75 88 42
75 89 70
75 90 45
75 92 64
75 93 59
75 94 55
75 95 70
75 96 79
75 97 54
75 98 62
75 99 69
76 1 53
76 2 46
76 3 69
76 4 73
76 7 62
76 9 64
76 11 78
76 13 75
76 14 48
76 17 52
76 18 51
76 19 46
76 20 74
76 21 80
76 22 73
76 23 63
76 24 59
76 25 44
76 26 67
76 27 40
76 28 79
76 29 41
76 31 53
76 32 53
76 34 71
76 36 62
76 38 47
76 39 45
76 40 61
76 41 65
76 42 47
76 43 42
76 44 66
76 45 59
76 47 43
76 48 56
76 50 56
76 51 78
76 52 55
76 53 54
76 54 68
76 55 45
76 56 77
76 58 69
76 59 73
76 60 60
76 61 64
76 62 44
76 63 59
76 64 64
76 65 55
76 66 48
76 67 78
76 68 49
76 70 76
76 73 40
76 75 53
76 77 79
76 78 49
76 80 46
76 81 67
76 82 46
76 83 55
76 84 68
76 86 64
76 87 52
76 88 58
76 89 46
76 91 50
76 92 48
76 93 65
76 94 59
76 95 68
76 97 41
76 98 48
76 99 51
77 1 42
77 2 68
77 4 70
77 5 56
77 6 43
77 7 41
77 8 66
77 9 76
77 16 55
77 17 49
77 18 67
77 19 79
77 23 59
77 24 58
77 25 51
77 26 56
77 27 77
77 30 67
77 32 66
77 36 52
77 37 56
77 38 51
77 39 49
77 40 49
77 41 69
77 42 54
77 43 64
77 44 51
77 46 79
77 49 72
77 51 64
77 54 56
77 55 77
77 56 42
77 57 66
77 61 78
77 62 57
77 63 73
77 65 58
77 68 40
77 70 64
77 71 56
77 72 49
77 73 73
77 74 47
77 75 66
77 76 79
77 78 66
77 79 58
77 80 44
77 81 49
77 82 54
77 83 63
77 84 59
77 85 78
77 87 49
77 88 65
77 90 80
77 91 68
77 92 52
77 93 42
77 94 48
77 95 55
77 96 59
77 97 65
77 98 49
77 99 51
78 1 78
78 2 57
78 4 45
78 5 76
78 6 53
78 7 62
78 8 56
78 11 63
78 12 57
78 13 63
78 14 46
78 15 55
78 17 57
78 18 64
78 19 45
78 21 49
78 22 48
78 23 64
78 24 61
78 25 72
78 27 64
78 28 75
78 30 70
78 31 68
78 33 60
78 34 55
78 35 64
78 37 47
78 38 68
78 39 40
78 40 79
78 41 48
78 44 67
78 45 50
78 46 58
78 47 80
78 49 54
78 50 53
78 51 44
78 52 40
78 53 53
78 54 76
78 55 42
78 56 51
78 57 40
78 58 73
78 59 55
78 61 44
78 62 45
78 64 74
78 65 56
78 67 69
78 69 61
78 72 61
78 73 58
78 74 45
78 75 58
78 76 49
78 77 66
78 79 65
78 80 57
78 81 70
78 83 46
78 84 73
78 85 68
78 86 46
78 88 76
78 90 65
78 91 60
78 92 77
78 93 63
78 95 79
78 97 53
78 98 74
78 99 61
79 1 68
79 4 65
79 5 70
79 6 53
79 8 69
79 9 68
79 10 76
79 11 54
79 12 80
79 13 53
79 14 73
79 15 79
79 16 78
79 17 78
79 18 66
79 19 56
79 20 68
79 22 55
79 23 54
79 24 61
79 25 53
79 26 77
79 27 55
79 28 73
79 29 56
79 30 57
79 33 71
79 34 53
79 35 49
79 36 56
79 37 50
79 38 75
79 39 69
79 40 43
79 41 41
79 42 71
79 43 80
79 45 43
79 46 73
79 47 73
79 48 53
79 49 68
79 50 48
79 51 50
79 53 50
79 54 55
79 55 62
79 56 78
79 57 67
79 58 70
79 59 79
79 60 72
79 61 51
79 62 45
79 63 48
79 65 42
79 66 48
79 67 54
79 68 48
79 69 79
79 70 72
79 71 56
79 72 45
79 73 45
79 75 77
79 77 58
79 78 65
79 80 71
79 81 66
79 82 70
79 83 64
79 84 40
79 86 42
79 87 63
79 88 64
79 90 43
79 91 48
79 92 53
79 93 41
79 95 70
79 96 74
79 97 66
79 98 52
80 2 43
80 3 66
80 4 68
80 5 75
80 6 77
80 7 51
80 8 65
80 9 55
80 10 42
80 12 40
80 13 75
80 14 55
80 15 56
80 16 47
80 19 57
80 20 54
80 21 52
80 22 58
80 23 49
80 24 69
80 25 61
80 26 56
80 27 80
80 28 66
80 29 80
80 30 79
80 31 54
80 32 44
80 34 54
80 35 55
80 36 68
80 37 73
80 38 62
80 40 40
80 41 80
80 44 47
80 45 62
80 46 62
80 48 67
80 49 75
80 50 77
80 52 40
80 54 49
80 55 62
80 59 59
80 60 79
80 61 68
80 62 67
80 63 63
80 64 56
80 65 42
80 66 71
80 67 58
80 68 75
80 69 58
80 70 52
80 71 45
80 72 44
80 73 58
80 74 72
80 75 69
80 76 46
80 77 44
80 78 57
80 79 71
80 81 62
80 82 52
80 83 76
80 85 58
80 86 70
80 87 69
80 88 70
80 89 41
80 90 48
80 91 72
80 92 78
80 94 58
80 95 79
80 96 64
80 98 53
80 99 62
81 1 46
81 3 47
81 5 60
81 6 55
81 8 77
81 9 47
81 10 42
81 11 46
81 13 71
81 14 40
81 16 63
81 17 73
81 18 77
81 19 68
81 20 71
81 22 50
81 23 58
81 24 45
81 25 67
81 26 59
81 27 70
81 30 77
81 31 56
81 32 59
81 33 42
81 34 58
81 35 64
81 36 41
81 37 40
81 38 74
81 39 55
81 41 63
81 43 42
81 44 80
81 46 76
81 47 62
81 48 70
81 49 54
81 51 75
81 53 41
81 54 59
81 55 67
81 56 79
81 57 72
81 58 62
81 59 73
81 60 73
81 61 54
81 62 41
81 63 56
81 64 56
81 65 62
81 66 73
81 67 70
81 68 43
81 69 78
81 70 52
81 71 42
81 72 44
81 73 64
81 74 75
81 75 61
81 76 67
81 77 49
81 78 70
81 79 66
81 80 62
81 82 53
81 83 41
81 84 43
81 85 43
81 86 54
81 88 70
81 89 76
81 90 46
81 91 66
81 92 59
81 93 59
81 94 65
81 95 76
81 96 44
81 97 61
81 98 69
81 99 71
82 1 57
82 2 74
82 3 50
82 4 52
82 5 53
82 6 50
82 7 45
82 8 60
82 9 70
82 10 43
82 13 48
82 14 75
82 15 57
82 16 61
82 17 40
82 18 72
82 19 56
82 21 59
82 22 67
82 23 79
82 24 60
82 25 55
82 27 71
82 28 45
82 29 46
82 30 51
82 31 50
82 32 80
82 33 40
82 34 43
82 36 67
82 37 46
82 38 44
82 39 78
82 40 59
82 41 67
82 42 50
82 43 63
82 44 51
82 45 63
82 47 70
82 48 78
82 49 58
82 50 51
82 51 55
82 52 48
82 53 80
82 55 42
82 56 55
82 57 59
82 59 70
82 61 76
82 62 41
82 63 75
82 64 75
82 65 66
82 67 53
82 68 51
82 69 70
82 70 65
82 71 74
82 72 49
82 73 52
82 75 77
82 76 46
82 77 54
82 79 70
82 80 52
82 81 53
82 83 61
82 84 57
82 86 43
82 88 42
82 89 79
82 90 57
82 91 77
82 92 44
82 94 77
82 95 66
82 96 70
82 97 45
82 98 64
82 99 44
83 1 69
83 2 75
83 3 49
83 6 80
83 8 45
83 9 65
83 10 61
83 11 65
83 12 57
83 14 43
83 15 53
83 16 74
83 17 51
83 18 66
83 19 42
83 20 59
83 23 71
83 24 67
83 25 61
83 26 62
83 27 79
83 28 46
83 29 55
83 30 73
83 31 80
83 32 75
83 33 74
83 35 75
83 36 58
83 37 60
83 38 55
83 39 52
83 40 48
83 41 66
83 43 67
83 45 78
83 46 59
83 47 77
83 48 53
83 50 79
83 52 43
83 53 53
83 54 74
83 55 79
83 56 75
83 57 66
83 58 40
83 59 78
83 62 72
83 63 46
83 64 80
83 65 70
83 66 58
83 67 53
83 68 71
83 69 60
83 70 57
83 71 66
83 72 55
83 73 52
83 75 66
83 76 55
83 77 63
83 78 46
83 79 64
83 80 76
83 81 41
83 82 61
83 84 69
83 85 63
83 86 69
83 87 42
83 88 45
83 90 80
83 93 74
83 94 58
83 95 62
83 96 70
83 97 69
83 98 44
83 99 65
84 1 53
84 2 67
84 3 43
84 5 50
84 6 73
84 7 69
84 8 64
84 9 43
84 10 57
84 11 70
84 12 49
84 13 70
84 14 42
84 15 40
84 16 75
84 17 41
84 18 62
84 19 76
84 20 72
84 21 54
84 22 43
84 24 50
84 25 60
84 26 78
84 27 63
84 28 71
84 30 69
84 31 71
84 32 43
84 34 49
84 36 66
84 38 52
84 39 53
84 44 79
84 45 76
84 46 55
84 48 40
84 49 50
84 51 61
84 52 44
84 53 43
84 54 44
84 55 41
84 56 76
84 57 53
84 59 43
84 60 78
84 61 55
84 62 73
84 63 56
84 64 69
84 68 54
84 69 71
84 70 73
84 71 41
84 72 80
84 73 76
84 75 62
84 76 68
84 77 59
84 78 73
84 79 40
84 81 43
84 82 57
84 83 69
84 86 40
84 87 62
84 88 64
84 90 74
84 92 77
84 94 56
84 95 72
84 97 43
84 98 40
84 99 51
85 1 68
85 2 59
85 5 73
85 6 59
85 7 60
85 10 45
85 12 54
85 13 70
85 14 78
85 15 79
85 18 80
85 19 75
85 20 53
85 21 75
85 22 43
85 23 70
85 24 58
85 25 40
85 26 58
85 29 80
85 30 54
85 31 70
85 32 46
85 33 61
85 34 51
85 35 46
85 37 69
85 38 64
85 39 67
85 40 61
85 42 57
85 44 57
85 46 49
85 47 77
85 49 49
85 50 48
85 51 67
85 52 56
85 53 71
85 55 46
85 57 41
85 58 73
85 59 67
85 60 67
85 62 78
85 63 80
85 65 80
85 66 68
85 67 41
85 68 77
85 69 44
85 70 58
85 71 63
85 72 78
85 74 69
85 75 64
85 77 78
85 78 68
85 80 58
85 81 43
85 83 63
85 86 62
85 88 42
85 89 42
85 90 47
85 91 47
85 92 53
85 93 78
85 94 61
85 95 56
85 98 74
85 99 73
86 1 66
86 2 73
86 3 72
86 6 63
86 7 74
86 8 76
86 9 45
86 10 73
86 11 53
86 13 52
86 14 43
86 15 76
86 18 53
86 21 61
86 22 77
86 23 75
86 24 68
86 25 42
86 26 80
86 27 63
86 28 58
86 29 60
86 31 68
86 32 55
86 33 64
86 35 47
86 36 47
86 37 59
86 38 76
86 39 54
86 40 67
86 41 69
86 42 42
86 43 70
86 44 60
86 45 50
86 46 74
86 49 71
86 50 54
86 52 74
86 53 51
86 54 74
86 55 77
86 56 79
86 57 58
86 58 45
86 59 51
86 60 57
86 61 46
86 62 40
86 63 66
86 64 54
86 65 69
86 66 75
86 68 49
86 69 52
86 70 56
86 72 74
86 73 76
86 74 59
86 75 68
86 76 64
86 78 46
86 79 42
86 80 70
86 81 54
86 82 43
86 83 69
86 84 40
86 85 62
86 87 44
86 88 51
86 89 48
86 90 45
86 91 44
86 92 57
86 94 61
86 97 52
86 98 78
86 99 53
87 3 61
87 4 63
87 5 53
87 7 70
87 8 47
87 9 72
87 10 55
87 11 77
87 12 72
87 13 43
87 14 46
87 15 62
87 16 52
87 17 42
87 18 79
87 19 45
87 20 40
87 22 40
87 24 51
87 26 74
87 27 45
87 28 54
87 29 66
87 31 46
87 32 48
87 33 75
87 34 65
87 35 67
87 36 69
87 37 70
87 38 47
87 39 55
87 40 69
87 41 63
87 42 47
87 43 40
87 45 48
87 47 48
87 51 52
87 52 66
87 53 43
87 55 70
87 56 44
87 57 80
87 58 69
87 60 54
87 61 80
87 62 53
87 63 44
87 64 51
87 66 68
87 67 59
87 69 76
87 70 72
87 71 80
87 72 59
87 73 77
87 74 40
87 75 47
87 76 52
87 77 49
87 79 63
87 80 69
87 83 42
87 84 62
87 86 44
87 88 68
87 89 44
87 90 48
87 91 78
87 92 52
87 93 74
87 94 70
87 95 47
87 96 50
87 97 77
87 98 62
87 99 71
88 1 42
88 2 63
88 4 46
88 5 51
88 8 80
88 9 53
88 10 78
88 12 64
88 15 49
88 16 74
88 17 76
88 18 44
88 19 78
88 20 42
88 21 54
88 23 66
88 24 40
88 25 49
88 26 63
88 28 54
88 29 69
88 30 67
88 31 47
88 33 61
88 34 68
88 37 78
88 39 47
88 40 77
88 41 63
88 42 62
88 44 41
88 46 43
88 47 67
88 48 62
88 49 79
88 50 69
88 52 65
88 53 71
88 55 50
88 56 70
88 58 51
88 59 53
88 60 57
88 61 77
88 62 66
88 64 57
88 65 45
88 66 64
88 67 67
88 71 65
88 73 52
88 74 68
88 75 42
88 76 58
88 77 65
88 78 76
88 79 64
88 80 70
88 81 70
88 82 42
88 83 45
88 84 64
88 85 42
88 86 51
88 87 68
88 89 73
88 91 78
88 92 50
88 95 44
88 96 78
88 97 76
88 99 50
89 1 66
89 2 58
89 3 42
89 4 65
89 6 63
89 7 45
89 8 50
89 9 42
89 10 68
89 11 77
89 12 68
89 13 77
89 15 47
89 16 80
89 17 63
89 18 40
89 19 49
89 20 42
89 21 47
89 23 51
89 24 77
89 26 66
89 27 66
89 28 57
89 29 79
89 30 54
89 31 51
89 34 47
89 35 49
89 36 67
89 37 59
89 39 58
89 40 74
89 41 80
89 42 70
89 43 46
89 44 48
89 45 49
89 47 45
89 48 67
89 49 42
89 52 44
89 54 40
89 55 78
89 58 50
89 59 50
89 60 57
89 62 43
89 63 50
89 64 71
89 65 48
89 66 79
89 67 46
89 68 46
89 69 60
89 70 78
89 71 53
89 73 51
89 74 42
89 75 70
89 76 46
89 80 41
89 81 76
89 82 79
89 85 42
89 86 48
89 87 44
89 88 73
89 90 48
89 91 60
89 92 48
89 93 40
89 94 53
89 96 69
89 97 47
89 98 77
89 99 52
90 1 78
90 2 55
90 3 64
90 4 40
90 5 43
90 6 68
90 7 70
90 8 65
90 11 79
90 13 74
90 14 78
90 15 73
90 16 67
90 17 60
90 18 63
90 19 62
90 20 52
90 21 48
90 23 60
90 24 73
90 25 71
90 26 52
90 27 43
90 28 80
90 29 64
90 30 42
90 32 51
90 33 71
90 34 76
90 35 43
90 36 80
90 39 54
90 40 44
90 41 58
90 42 61
90 44 73
90 45 56
90 46 56
90 47 77
90 48 64
90 49 69
90 50 78
90 51 62
90 52 62
90 53 79
90 54 55
90 56 65
90 57 74
90 60 64
90 62 55
90 64 64
90 67 47
90 68 46
90 69 51
90 70 54
90 71 73
90 72 47
90 74 45
90 75 45
90 77 80
90 78 65
90 79 43
90 80 48
90 81 46
90 82 57
90 83 80
90 84 74
90 85 47
90 86 45
90 87 48
90 89 48
90 91 78
90 92 47
90 94 49
90 95 51
90 96 44
90 97 70
90 98 46
90 99 46
91 3 52
91 4 64
91 5 65
91 8 48
91 10 61
91 11 65
91 13 58
91 14 72
91 15 70
91 17 47
91 18 58
91 19 71
91 20 44
91 22 52
91 23 54
91 24 63
91 27 46
91 28 47
91 29 61
91 30 70
91 33 73
91 35 72
91 36 50
91 37 55
91 38 75
91 39 71
91 41 80
91 42 69
91 43 71
91 44 53
91 45 67
91 46 53
91 47 43
91 48 53
91 49 51
91 50 70
91 51 55
91 53 46
91 57 52
91 58 44
91 59 72
91 60 49
91 61 64
91 62 47
91 63 46
91 65 44
91 67 57
91 68 73
91 70 64
91 71 41
91 72 48
91 74 62
91 76 50
91 77 68
91 78 60
91 79 48
91 80 72
91 81 66
91 82 77
91 85 47
91 86 44
91 87 78
91 88 78
91 89 60
91 90 78
91 92 80
91 94 63
91 95 58
91 96 48
91 97 76
91 98 80
91 99 54
92 2 54
92 3 79
92 4 51
92 5 69
92 9 72
92 10 66
92 12 51
92 13 61
92 14 51
92 15 74
92 16 62
92 18 51
92 19 57
92 20 71
92 21 42
92 23 71
92 25 62
92 26 45
92 27 40
92 28 67
92 29 71
92 30 43
92 31 43
92 32 57
92 33 78
92 35 46
92 36 51
92 38 53
92 39 72
92 40 60
92 41 75
92 42 47
92 43 56
92 44 75
92 45 51
92 47 54
92 48 43
92 49 43
92 50 48
92 51 50
92 52 52
92 53 64
92 54 53
92 55 62
92 56 56
92 57 76
92 58 60
92 59 67
92 60 53
92 62 80
92 63 63
92 64 51
92 65 40
92 66 65
92 67 64
92 70 78
92 71 53
92 72 55
92 73 56
92 74 67
92 75 64
92 76 48
92 77 52
92 78 77
92 79 53
92 80 78
92 81 59
92 82 44
92 84 77
92 85 53
92 86 57
92 87 52
92 88 50
92 89 48
92 90 47
92 91 80
92 93 46
92 99 76
93 1 47
93 2 54
93 4 56
93 5 46
93 7 80
93 8 56
93 9 65
93 10 44
93 11 43
93 12 75
93 14 74
93 15 67
93 16 47
93 17 51
93 18 76
93 19 63
93 20 66
93 22 59
93 23 41
93 24 76
93 27 43
93 28 80
93 29 48
93 30 63
93 32 54
93 33 74
93 35 50
93 36 54
93 37 66
93 38 54
93 40 79
93 41 78
93 44 53
93 45 53
93 47 45
93 48 60
93 49 73
93 50 59
93 51 67
93 52 48
93 53 50
93 55 58
93 56 59
93 57 46
93 58 64
93 59 47
93 60 42
93 61 73
93 62 61
93 64 60
93 65 53
93 67 70
93 68 52
93 69 54
93 70 44
93 71 54
93 72 55
93 73 61
93 74 42
93 75 59
93 76 65
93 77 42
93 78 63
93 79 41
93 81 59
93 83 74
93 85 78
93 87 74
93 89 40
93 92 46
93 95 67
93 96 40
93 97 53
93 99 78
94 1 51
94 2 71
94 4 55
94 5 43
94 6 55
94 7 44
94 8 61
94 9 62
94 10 75
94 11 64
94 12 59
94 15 47
94 16 71
94 17 69
94 20 80
94 21 46
94 22 78
94 23 77
94 24 58
94 25 54
94 26 43
94 28 74
94 29 58
94 30 48
94 32 50
94 33 62
94 34 73
94 35 47
94 37 67
94 38 65
94 39 79
94 41 67
94 42 70
94 43 64
94 44 51
94 46 40
94 47 70
94 48 58
94 49 45
94 50 40
94 51 44
94 53 79
94 54 54
94 55 50
94 56 63
94 58 62
94 59 73
94 62 45
94 63 68
94 66 41
94 68 63
94 71 72
94 72 70
94 73 62
94 74 45
94 75 55
94 76 59
94 77 48
94 80 58
94 81 65
94 82 77
94 83 58
94 84 56
94 85 61
94 86 61
94 87 70
94 89 53
94 90 49
94 91 63
94 95 78
94 96 49
94 97 40
94 98 46
94 99 48
95 2 41
95 4 53
95 6 69
95 7 66
95 8 44
95 9 77
95 10 79
95 12 66
95 13 70
95 14 63
95 15 62
95 16 69
95 17 76
95 18 42
95 19 69
95 20 46
95 21 61
95 22 40
95 23 66
95 24 44
95 25 76
95 26 58
95 27 66
95 28 40
95 29 48
95 30 72
95 31 70
95 33 54
95 34 72
95 35 71
95 36 58
95 37 49
95 38 78
95 39 54
95 40 72
95 41 49
95 42 51
95 43 61
95 45 50
95 46 54
95 47 51
95 48 73
95 49 79
95 51 56
95 52 54
95 53 66
95 55 60
95 56 42
95 60 76
95 61 59
95 62 58
95 63 66
95 64 64
95 65 61
95 66 80
95 67 76
95 68 62
95 70 64
95 71 60
95 72 45
95 73 69
95 75 70
95 76 68
95 77 55
95 78 79
95 79 70
95 80 79
95 81 76
95 82 66
95 83 62
95 84 72
95 85 56
95 87 47
95 88 44
95 90 51
95 91 58
95 93 67
95 94 78
95 96 53
95 97 79
95 99 53
96 1 80
96 3 69
96 4 61
96 5 54
96 6 73
96 7 41
96 8 40
96 9 70
96 10 75
96 12 66
96 14 75
96 15 68
96 16 58
96 18 73
96 20 76
96 21 69
96 22 78
96 23 63
96 24 40
96 25 73
96 27 77
96 28 62
96 29 68
96 30 44
96 32 69
96 33 59
96 34 77
96 35 65
96 37 57
96 38 70
96 39 42
96 41 76
96 42 58
96 43 74
96 44 54
96 46 80
96 47 42
96 48 78
96 50 48
96 51 78
96 52 80
96 53 57
96 54 51
96 56 80
96 57 70
96 58 65
96 59 54
96 60 45
96 61 60
96 64 76
96 66 50
96 67 73
96 68 46
96 70 79
96 71 61
96 73 77
96 74 75
96 75 79
96 77 59
96 79 74
96 80 64
96 81 44
96 82 70
96 83 70
96 87 50
96 88 78
96 89 69
96 90 44
96 91 48
96 93 40
96 94 49
96 95 53
96 97 78
96 98 70
97 1 40
97 2 54
97 3 80
97 4 79
97 5 41
97 6 65
97 7 69
97 8 64
97 10 55
97 11 47
97 12 79
97 13 57
97 14 78
97 15 76
97 18 40
97 19 63
97 20 78
97 21 71
97 22 60
97 23 49
97 24 78
97 25 74
97 27 56
97 28 48
97 29 78
97 30 65
97 31 58
97 32 75
97 33 63
97 34 63
97 35 44
97 36 57
97 37 67
97 38 63
97 39 58
97 41 67
97 42 62
97 44 48
97 45 57
97 46 64
97 47 80
97 48 69
97 49 45
97 50 68
97 51 46
97 52 70
97 53 60
97 54 78
97 55 74
97 56 57
97 57 49
97 58 76
97 59 45
97 62 76
97 63 42
97 64 68
97 65 68
97 66 52
97 67 54
97 69 40
97 70 52
97 71 60
97 72 56
97 73 61
97 74 60
97 75 54
97 76 41
97 77 65
97 78 53
97 79 66
97 81 61
97 82 45
97 83 69
97 84 43
97 86 52
97 87 77
97 88 76
97 89 47
97 90 70
97 91 76
97 93 53
97 94 40
97 95 79
97 96 78
98 1 76
98 2 75
98 3 42
98 4 54
98 5 70
98 6 68
98 7 51
98 8 49
98 10 60
98 11 69
98 12 74
98 13 50
98 14 68
98 16 66
98 17 71
98 19 65
98 20 45
98 21 61
98 22 52
98 23 52
98 25 75
98 27 65
98 28 49
98 29 68
98 31 46
98 32 62
98 33 40
98 35 40
98 36 47
98 37 55
98 39 69
98 40 73
98 41 51
98 43 80
98 44 41
98 46 47
98 47 48
98 48 65
98 49 80
98 50 61
98 51 80
98 52 63
98 53 61
98 54 76
98 56 43
98 57 50
98 58 67
98 59 71
98 60 49
98 61 42
98 62 50
98 63 41
98 64 61
98 65 52
98 66 53
98 67 59
98 69 63
98 70 46
98 71 59
98 72 44
98 73 71
98 74 43
98 75 62
98 76 48
98 77 49
98 78 74
98 79 52
98 80 53
98 81 69
98 82 64
98 83 44
98 84 40
98 85 74
98 86 78
98 87 62
98 89 77
98 90 46
98 91 80
98 94 46
98 96 70
1 t 52
2 t 71
3 t 61
4 t 43
5 t 73
6 t 58
7 t 59
8 t 44
9 t 44
10 t 71
11 t 44
13 t 80
14 t 60
17 t 66
18 t 61
19 t 40
20 t 60
21 t 44
22 t 57
24 t 61
25 t 40
26 t 46
27 t 71
28 t 43
29 t 60
30 t 65
31 t 52
32 t 79
33 t 57
34 t 67
35 t 68
36 t 62
37 t 68
38 t 71
39 t 47
40 t 51
41 t 78
42 t 59
43 t 52
44 t 68
46 t 60
48 t 80
49 t 79
52 t 71
53 t 67
54 t 77
56 t 58
57 t 75
58 t 55
59 t 40
60 t 63
61 t 43
62 t 54
63 t 78
64 t 46
65 t 72
66 t 47
67 t 79
68 t 80
69 t 74
70 t 42
71 t 45
72 t 52
74 t 45
75 t 69
76 t 51
77 t 51
78 t 61
80 t 62
81 t 71
82 t 44
83 t 65
84 t 51
85 t 73
86 t 53
87 t 71
88 t 50
89 t 52
90 t 46
91 t 54
92 t 76
93 t 78
94 t 48
95 t 53
