s 1 52
s 2 22
s 3 51
s 4 39
s 8 77
s 10 54
s 12 62
s 13 59
s 14 58
s 17 40
s 18 80
s 19 73
s 21 75
s 23 62
s 24 29
s 25 55
s 28 55
s 29 43
s 32 72
s 35 67
s 37 45
s 42 74
s 47 46
1 2 22
1 3 51
1 8 44
1 9 60
1 11 28
1 13 46
1 14 34
1 15 63
1 17 38
1 18 29
1 28 66
1 29 28
1 34 80
1 38 42
1 40 38
1 41 77
1 44 26
1 45 43
1 47 30
1 48 77
2 1 22
2 3 48
2 5 62
2 6 50
2 7 31
2 8 63
2 9 57
2 11 77
2 12 67
2 13 32
2 14 67
2 15 68
2 17 60
2 18 58
2 20 54
2 21 76
2 25 69
2 26 64
2 28 79
2 30 37
2 31 71
2 32 34
2 33 33
2 35 64
2 36 68
2 38 20
2 39 75
2 40 79
2 43 26
2 48 32
2 49 29
3 1 51
3 2 48
3 4 57
3 5 63
3 6 20
3 11 76
3 12 62
3 16 29
3 18 56
3 20 37
3 22 27
3 23 67
3 25 50
3 26 53
3 28 60
3 31 54
3 32 50
3 34 40
3 35 71
3 37 49
3 44 26
3 46 54
3 47 24
4 3 57
4 5 39
4 9 43
4 11 44
4 12 71
4 19 35
4 21 69
4 23 52
4 30 31
4 34 79
4 35 40
4 36 79
4 37 34
4 38 41
4 39 28
4 42 46
4 43 30
4 47 58
5 2 62
5 3 63
5 4 39
5 7 67
5 8 42
5 10 54
5 11 46
5 12 24
5 14 33
5 15 35
5 18 76
5 19 78
5 20 64
5 21 59
5 22 68
5 23 77
5 30 76
5 32 22
5 34 69
5 35 42
5 37 45
5 38 55
5 42 26
5 43 72
5 45 44
5 46 74
5 48 24
6 2 50
6 3 20
6 7 21
6 9 23
6 12 49
6 13 28
6 14 61
6 16 32
6 19 52
6 22 23
6 25 30
6 26 68
6 27 31
6 28 55
6 31 73
6 34 38
6 35 48
6 37 62
6 38 39
6 39 64
6 40 60
6 42 64
6 43 74
6 44 33
6 47 80
6 48 32
7 2 31
7 5 67
7 6 21
7 8 78
7 9 35
7 10 21
7 11 47
7 12 55
7 13 26
7 15 74
7 17 45
7 18 43
7 21 24
7 24 48
7 25 73
7 27 53
7 30 50
7 31 21
7 33 65
7 34 43
7 36 51
7 38 72
7 39 73
7 41 73
7 43 52
7 46 75
7 47 26
7 48 23
8 1 44
8 2 63
8 5 42
8 7 78
8 9 62
8 11 34
8 12 66
8 15 53
8 18 23
8 19 63
8 22 61
8 23 57
8 24 68
8 25 76
8 27 31
8 29 24
8 30 55
8 31 65
8 36 51
8 37 69
8 40 59
8 42 67
8 48 21
9 1 60
9 2 57
9 4 43
9 6 23
9 7 35
9 8 62
9 11 37
9 12 66
9 13 65
9 16 53
9 19 37
9 23 67
9 25 41
9 26 21
9 27 57
9 30 74
9 31 44
9 33 76
9 37 47
9 39 62
9 40 50
9 41 23
9 42 52
9 43 27
9 44 40
9 46 29
10 5 54
10 7 21
10 12 61
10 13 78
10 14 48
10 16 40
10 17 62
10 18 61
10 19 66
10 20 54
10 22 36
10 25 77
10 26 45
10 29 40
10 31 71
10 32 57
10 33 59
10 35 46
10 37 22
10 43 70
10 44 23
10 45 53
10 46 68
10 47 65
10 48 54
11 1 28
11 2 77
11 3 76
11 4 44
11 5 46
11 7 47
11 8 34
11 9 37
11 13 57
11 14 74
11 15 78
11 16 75
11 17 40
11 18 50
11 19 68
11 20 69
11 21 52
11 22 20
11 25 79
11 29 41
11 30 34
11 34 51
11 35 24
11 37 60
11 38 65
11 39 73
11 41 39
11 43 36
11 45 71
11 46 66
11 47 59
11 49 76
12 2 67
12 3 62
12 4 71
12 5 24
12 6 49
12 7 55
12 8 66
12 9 66
12 10 61
12 13 42
12 16 44
12 17 68
12 19 21
12 21 47
12 22 47
12 26 31
12 27 74
12 29 73
12 30 26
12 31 64
12 32 72
12 33 38
12 34 46
12 35 38
12 37 37
12 41 58
12 47 78
12 48 56
13 1 46
13 2 32
13 6 28
13 7 26
13 9 65
13 10 78
13 11 57
13 12 42
13 17 51
13 18 23
13 21 74
13 23 53
13 24 20
13 26 52
13 27 22
13 28 59
13 29 45
13 30 33
13 31 25
13 32 42
13 33 77
13 34 24
13 35 22
13 37 25
13 40 22
13 42 80
13 45 79
13 48 39
13 49 70
14 1 34
14 2 67
14 5 33
14 6 61
14 10 48
14 11 74
14 15 43
14 16 24
14 17 71
14 18 28
14 19 27
14 20 65
14 21 58
14 24 24
14 27 21
14 28 36
14 31 71
14 33 25
14 35 77
14 36 47
14 39 76
14 40 61
14 42 30
14 44 55
14 45 58
14 46 41
14 47 43
14 48 60
15 1 63
15 2 68
15 5 35
15 7 74
15 8 53
15 11 78
15 14 43
15 21 29
15 22 30
15 24 44
15 25 20
15 26 40
15 28 55
15 34 21
15 36 75
15 37 66
15 38 70
15 44 25
15 45 37
15 46 75
15 47 34
16 3 29
16 6 32
16 9 53
16 10 40
16 11 75
16 12 44
16 14 24
16 17 77
16 19 34
16 20 37
16 21 52
16 22 34
16 23 44
16 25 32
16 26 79
16 27 73
16 28 67
16 29 54
16 32 22
16 34 57
16 36 54
16 39 46
16 41 33
16 42 39
16 43 54
16 45 68
17 1 38
17 2 60
17 7 45
17 10 62
17 11 40
17 12 68
17 13 51
17 14 71
17 16 77
17 18 27
17 20 71
17 22 44
17 23 45
17 24 63
17 27 57
17 28 25
17 29 64
17 30 24
17 31 53
17 34 39
17 35 73
17 36 72
17 37 55
17 38 48
17 39 45
17 41 52
17 43 31
17 44 67
17 48 54
18 1 29
18 2 58
18 3 56
18 5 76
18 7 43
18 8 23
18 10 61
18 11 50
18 13 23
18 14 28
18 17 27
18 23 68
18 24 68
18 27 79
18 29 24
18 30 38
18 31 62
18 34 67
18 35 73
18 37 44
18 40 22
18 44 29
18 46 48
18 47 20
18 48 72
18 49 45
19 4 35
19 5 78
19 6 52
19 8 63
19 9 37
19 10 66
19 11 68
19 12 21
19 14 27
19 16 34
19 20 20
19 21 76
19 22 74
19 24 58
19 25 23
19 28 54
19 29 70
19 32 60
19 35 68
19 39 54
19 40 78
19 42 67
19 43 72
19 44 79
19 46 47
19 48 50
19 49 61
20 2 54
20 3 37
20 5 64
20 10 54
20 11 69
20 14 65
20 16 37
20 17 71
20 19 20
20 21 66
20 23 34
20 24 41
20 25 21
20 26 76
20 30 79
20 32 59
20 35 31
20 37 68
20 38 36
20 45 69
20 49 23
21 2 76
21 4 69
21 5 59
21 7 24
21 11 52
21 12 47
21 13 74
21 14 58
21 15 29
21 16 52
21 19 76
21 20 66
21 22 41
21 24 32
21 27 51
21 29 56
21 30 64
21 31 74
21 33 25
21 34 60
21 37 71
21 38 38
21 40 67
21 41 49
21 43 57
21 44 80
21 49 45
22 3 27
22 5 68
22 6 23
22 8 61
22 10 36
22 11 20
22 12 47
22 15 30
22 16 34
22 17 44
22 19 74
22 21 41
22 23 80
22 26 43
22 30 44
22 35 28
22 44 71
22 45 33
22 47 55
23 3 67
23 4 52
23 5 77
23 8 57
23 9 67
23 13 53
23 16 44
23 17 45
23 18 68
23 20 34
23 22 80
23 25 21
23 26 39
23 29 41
23 32 78
23 34 54
23 36 78
23 38 23
23 39 31
23 42 48
23 43 20
23 44 32
23 45 39
23 47 31
24 7 48
24 8 68
24 13 20
24 14 24
24 15 44
24 17 63
24 18 68
24 19 58
24 20 41
24 21 32
24 25 28
24 26 55
24 27 77
24 28 69
24 29 30
24 31 55
24 34 78
24 35 42
24 40 59
24 42 33
24 43 65
24 45 53
24 46 39
24 49 43
25 2 69
25 3 50
25 6 30
25 7 73
25 8 76
25 9 41
25 10 77
25 11 79
25 15 20
25 16 32
25 19 23
25 20 21
25 23 21
25 24 28
25 31 35
25 33 28
25 36 51
25 37 23
25 40 50
25 43 58
25 49 46
26 2 64
26 3 53
26 6 68
26 9 21
26 10 45
26 12 31
26 13 52
26 15 40
26 16 79
26 20 76
26 22 43
26 23 39
26 24 55
26 28 30
26 29 37
26 30 50
26 31 62
26 32 54
26 35 75
26 37 72
26 41 30
26 42 34
26 43 63
26 44 66
26 46 67
26 47 60
26 48 77
26 49 24
27 6 31
27 7 53
27 8 31
27 9 57
27 12 74
27 13 22
27 14 21
27 16 73
27 17 57
27 18 79
27 21 51
27 24 77
27 28 51
27 33 20
27 37 56
27 39 57
27 42 57
27 43 30
27 44 32
27 45 44
27 46 65
27 48 65
28 1 66
28 2 79
28 3 60
28 6 55
28 13 59
28 14 36
28 15 55
28 16 67
28 17 25
28 19 54
28 24 69
28 26 30
28 27 51
28 30 63
28 31 49
28 32 73
28 36 35
28 38 49
28 39 76
28 41 75
28 42 55
28 44 73
28 47 44
28 49 31
29 1 28
29 8 24
29 10 40
29 11 41
29 12 73
29 13 45
29 16 54
29 17 64
29 18 24
29 19 70
29 21 56
29 23 41
29 24 30
29 26 37
29 30 49
29 36 55
29 41 36
29 42 47
29 43 34
29 44 48
29 45 74
29 48 79
30 2 37
30 4 31
30 5 76
30 7 50
30 8 55
30 9 74
30 11 34
30 12 26
30 13 33
30 17 24
30 18 38
30 20 79
30 21 64
30 22 44
30 26 50
30 28 63
30 29 49
30 32 40
30 33 27
30 35 36
30 36 68
30 38 59
30 40 21
30 42 57
30 44 30
30 46 45
30 48 44
31 2 71
31 3 54
31 6 73
31 7 21
31 8 65
31 9 44
31 10 71
31 12 64
31 13 25
31 14 71
31 17 53
31 18 62
31 21 74
31 24 55
31 25 35
31 26 62
31 28 49
31 32 52
31 37 78
31 38 76
31 42 73
31 43 71
31 44 65
31 45 50
31 46 75
31 47 66
32 2 34
32 3 50
32 5 22
32 10 57
32 12 72
32 13 42
32 16 22
32 19 60
32 20 59
32 23 78
32 26 54
32 28 73
32 30 40
32 31 52
32 35 23
32 38 53
32 41 59
32 43 29
32 44 72
32 46 66
32 47 71
33 2 33
33 7 65
33 9 76
33 10 59
33 12 38
33 13 77
33 14 25
33 21 25
33 25 28
33 27 20
33 30 27
33 34 30
33 41 43
33 42 47
33 43 29
33 44 27
33 47 69
33 48 35
33 49 77
34 1 80
34 3 40
34 4 79
34 5 69
34 6 38
34 7 43
34 11 51
34 12 46
34 13 24
34 15 21
34 16 57
34 17 39
34 18 67
34 21 60
34 23 54
34 24 78
34 33 30
34 37 67
34 39 67
34 42 73
34 45 59
34 46 41
34 47 36
34 49 43
35 2 64
35 3 71
35 4 40
35 5 42
35 6 48
35 10 46
35 11 24
35 12 38
35 13 22
35 14 77
35 17 73
35 18 73
35 19 68
35 20 31
35 22 28
35 24 42
35 26 75
35 30 36
35 32 23
35 37 60
35 43 60
35 44 76
35 45 53
35 46 23
35 47 49
35 49 40
36 2 68
36 4 79
36 7 51
36 8 51
36 14 47
36 15 75
36 16 54
36 17 72
36 23 78
36 25 51
36 28 35
36 29 55
36 30 68
36 42 66
36 43 30
36 44 42
36 48 37
37 3 49
37 4 34
37 5 45
37 6 62
37 8 69
37 9 47
37 10 22
37 11 60
37 12 37
37 13 25
37 15 66
37 17 55
37 18 44
37 20 68
37 21 71
37 25 23
37 26 72
37 27 56
37 31 78
37 34 67
37 35 60
37 41 66
37 42 76
37 45 32
37 46 45
37 48 80
38 1 42
38 2 20
38 4 41
38 5 55
38 6 39
38 7 72
38 11 65
38 15 70
38 17 48
38 20 36
38 21 38
38 23 23
38 28 49
38 30 59
38 31 76
38 32 53
38 39 78
38 41 53
38 44 76
38 45 71
38 46 26
39 2 75
39 4 28
39 6 64
39 7 73
39 9 62
39 11 73
39 14 76
39 16 46
39 17 45
39 19 54
39 23 31
39 27 57
39 28 76
39 34 67
39 38 78
39 41 36
39 42 60
39 43 30
39 44 29
39 45 35
39 46 47
39 47 22
39 49 79
40 1 38
40 2 79
40 6 60
40 8 59
40 9 50
40 13 22
40 14 61
40 18 22
40 19 78
40 21 67
40 24 59
40 25 50
40 30 21
40 41 48
40 44 24
40 45 37
40 46 49
40 48 67
41 1 77
41 7 73
41 9 23
41 11 39
41 12 58
41 16 33
41 17 52
41 21 49
41 26 30
41 28 75
41 29 36
41 32 59
41 33 43
41 37 66
41 38 53
41 39 36
41 40 48
41 43 22
41 44 75
41 47 23
41 48 49
42 4 46
42 5 26
42 6 64
42 8 67
42 9 52
42 13 80
42 14 30
42 16 39
42 19 67
42 23 48
42 24 33
42 26 34
42 27 57
42 28 55
42 29 47
42 30 57
42 31 73
42 33 47
42 34 73
42 36 66
42 37 76
42 39 60
42 45 71
43 2 26
43 4 30
43 5 72
43 6 74
43 7 52
43 9 27
43 10 70
43 11 36
43 16 54
43 17 31
43 19 72
43 21 57
43 23 20
43 24 65
43 25 58
43 26 63
43 27 30
43 29 34
43 31 71
43 32 29
43 33 29
43 35 60
43 36 30
43 39 30
43 41 22
43 44 71
43 48 44
44 1 26
44 3 26
44 6 33
44 9 40
44 10 23
44 14 55
44 15 25
44 17 67
44 18 29
44 19 79
44 21 80
44 22 71
44 23 32
44 26 66
44 27 32
44 28 73
44 29 48
44 30 30
44 31 65
44 32 72
44 33 27
44 35 76
44 36 42
44 38 76
44 39 29
44 40 24
44 41 75
44 43 71
44 49 55
45 1 43
45 5 44
45 10 53
45 11 71
45 13 79
45 14 58
45 15 37
45 16 68
45 20 69
45 22 33
45 23 39
45 24 53
45 27 44
45 29 74
45 31 50
45 34 59
45 35 53
45 37 32
45 38 71
45 39 35
45 40 37
45 42 71
45 47 41
45 48 31
46 3 54
46 5 74
46 7 75
46 9 29
46 10 68
46 11 66
46 14 41
46 15 75
46 18 48
46 19 47
46 24 39
46 26 67
46 27 65
46 30 45
46 31 75
46 32 66
46 34 41
46 35 23
46 37 45
46 38 26
46 39 47
46 40 49
46 48 35
47 1 30
47 3 24
47 4 58
47 6 80
47 7 26
47 10 65
47 11 59
47 12 78
47 14 43
47 15 34
47 18 20
47 22 55
47 23 31
47 26 60
47 28 44
47 31 66
47 32 71
47 33 69
47 34 36
47 35 49
47 39 22
47 41 23
47 45 41
48 1 77
48 2 32
48 5 24
48 6 32
48 7 23
48 8 21
48 10 54
48 12 56
48 13 39
48 14 60
48 17 54
48 18 72
48 19 50
48 26 77
48 27 65
48 29 79
48 30 44
48 33 35
48 36 37
48 37 80
48 40 67
48 41 49
48 43 44
48 45 31
48 46 35
48 49 38
2 t 29
11 t 76
13 t 70
18 t 45
19 t 61
20 t 23
21 t 45
24 t 43
25 t 46
26 t 24
28 t 31
33 t 77
34 t 43
35 t 40
39 t 79
44 t 55
48 t 38
