s 2 74
s 3 78
s 8 31
s 9 78
s 10 68
s 12 47
s 13 22
s 14 33
s 17 77
s 18 21
s 21 39
s 24 25
s 25 49
s 29 49
s 31 37
s 36 24
s 39 23
s 41 26
s 46 57
s 49 77
s 50 30
s 53 67
s 56 72
s 59 39
s 62 48
s 65 44
s 66 55
s 68 22
s 69 73
s 71 24
s 74 45
s 76 40
s 77 73
s 79 80
s 81 30
s 82 47
s 83 29
s 84 64
s 87 37
s 94 45
s 95 57
s 96 73
s 98 74
1 2 79
1 3 23
1 4 52
1 7 46
1 8 63
1 10 20
1 12 27
1 14 22
1 15 28
1 18 56
1 22 22
1 25 27
1 26 74
1 29 35
1 32 72
1 33 42
1 34 47
1 35 51
1 37 22
1 38 79
1 39 30
1 41 59
1 42 80
1 45 37
1 46 71
1 48 35
1 50 59
1 51 70
1 52 31
1 54 61
1 56 37
1 57 53
1 61 77
1 62 40
1 63 29
1 65 49
1 66 58
1 68 72
1 71 49
1 72 20
1 74 28
1 75 61
1 77 49
1 79 46
1 80 44
1 82 75
1 83 44
1 85 42
1 89 74
1 90 70
1 91 71
1 94 78
1 95 41
1 98 31
2 1 79
2 3 54
2 4 52
2 6 46
2 12 72
2 15 37
2 17 52
2 20 54
2 21 80
2 22 66
2 26 39
2 27 42
2 33 66
2 35 22
2 36 73
2 43 37
2 44 48
2 45 53
2 46 77
2 47 67
2 49 73
2 50 46
2 51 56
2 52 47
2 56 44
2 58 51
2 60 72
2 61 64
2 62 38
2 63 30
2 64 21
2 66 74
2 69 66
2 70 72
2 71 40
2 72 31
2 74 69
2 76 37
2 77 68
2 78 21
2 79 32
2 80 80
2 81 52
2 82 78
2 85 65
2 87 38
2 88 69
2 89 39
2 92 21
2 94 34
2 96 75
2 97 37
2 98 29
2 99 72
3 1 23
3 2 54
3 4 66
3 9 38
3 10 42
3 11 26
3 12 33
3 13 20
3 14 68
3 16 44
3 17 72
3 18 47
3 20 25
3 21 23
3 22 26
3 26 68
3 27 42
3 30 20
3 31 46
3 32 24
3 33 74
3 34 24
3 35 76
3 36 60
3 37 64
3 39 42
3 40 50
3 44 54
3 45 57
3 46 47
3 47 57
3 49 49
3 51 46
3 52 24
3 54 42
3 57 33
3 60 21
3 61 55
3 62 76
3 63 77
3 70 28
3 71 55
3 72 70
3 76 31
3 79 72
3 81 21
3 83 63
3 85 44
3 89 78
3 93 33
3 99 66
4 1 52
4 2 52
4 3 66
4 5 40
4 6 34
4 7 56
4 8 58
4 9 64
4 10 29
4 11 75
4 12 65
4 14 24
4 17 50
4 20 70
4 22 62
4 23 31
4 24 48
4 25 38
4 28 26
4 29 20
4 30 74
4 31 50
4 38 21
4 40 71
4 42 56
4 43 61
4 49 54
4 50 24
4 52 58
4 53 45
4 56 71
4 57 68
4 58 78
4 60 75
4 61 38
4 63 43
4 69 38
4 70 55
4 72 39
4 74 39
4 76 28
4 80 45
4 81 28
4 82 79
4 84 54
4 86 62
4 87 52
4 89 32
4 90 38
4 91 32
4 92 37
4 94 20
4 95 26
4 96 48
4 97 45
5 4 40
5 6 45
5 7 66
5 8 55
5 10 40
5 14 55
5 15 55
5 18 42
5 25 73
5 29 28
5 31 24
5 35 65
5 36 30
5 37 52
5 39 47
5 41 62
5 42 25
5 43 78
5 45 53
5 47 54
5 49 71
5 50 28
5 51 29
5 53 55
5 54 34
5 57 63
5 59 80
5 61 26
5 62 79
5 64 79
5 66 69
5 68 79
5 73 37
5 78 34
5 79 75
5 80 70
5 81 58
5 82 70
5 83 22
5 85 53
5 86 78
5 87 73
5 88 33
5 89 24
5 90 59
5 91 47
5 94 55
5 96 78
5 97 40
5 99 69
6 2 46
6 4 34
6 5 45
6 7 20
6 11 27
6 13 75
6 17 37
6 19 26
6 21 67
6 24 57
6 25 64
6 26 65
6 27 68
6 28 25
6 29 54
6 31 23
6 33 45
6 34 75
6 36 69
6 37 38
6 40 57
6 42 53
6 43 52
6 48 49
6 50 22
6 51 78
6 52 46
6 56 33
6 58 55
6 60 73
6 64 49
6 65 50
6 66 59
6 68 27
6 69 40
6 71 67
6 73 35
6 77 73
6 83 37
6 85 41
6 87 52
6 88 47
6 92 76
6 97 73
6 99 46
7 1 46
7 4 56
7 5 66
7 6 20
7 9 72
7 11 44
7 17 63
7 18 20
7 19 66
7 22 67
7 25 30
7 27 31
7 30 50
7 33 54
7 34 58
7 37 57
7 38 44
7 39 48
7 41 21
7 43 40
7 52 43
7 55 65
7 56 79
7 58 37
7 61 53
7 62 33
7 63 28
7 65 79
7 66 44
7 67 24
7 71 46
7 73 26
7 76 54
7 77 74
7 85 39
7 87 61
7 88 35
7 89 49
7 90 55
7 91 28
7 92 36
7 94 37
8 1 63
8 4 58
8 5 55
8 9 51
8 10 39
8 11 45
8 12 30
8 14 37
8 15 34
8 16 42
8 18 74
8 24 21
8 28 58
8 31 41
8 32 53
8 34 61
8 35 40
8 36 21
8 37 64
8 42 30
8 46 27
8 47 42
8 48 69
8 50 54
8 52 57
8 55 20
8 58 72
8 59 53
8 60 58
8 62 23
8 63 51
8 64 64
8 67 33
8 68 51
8 69 67
8 73 30
8 74 61
8 75 44
8 78 38
8 79 54
8 80 21
8 81 26
8 83 57
8 84 39
8 85 62
8 86 26
8 87 39
8 99 80
9 3 38
9 4 64
9 7 72
9 8 51
9 10 67
9 11 57
9 12 38
9 13 28
9 20 62
9 22 62
9 23 71
9 25 26
9 27 66
9 29 69
9 31 69
9 32 73
9 35 49
9 36 35
9 38 72
9 40 28
9 41 29
9 42 75
9 45 75
9 46 38
9 47 44
9 48 44
9 49 27
9 50 80
9 54 40
9 59 29
9 62 70
9 63 60
9 64 28
9 70 39
9 73 22
9 74 45
9 75 67
9 77 67
9 79 65
9 80 50
9 82 30
9 84 22
9 87 49
9 88 77
9 90 38
9 91 30
9 94 65
9 95 47
9 98 75
10 1 20
10 3 42
10 4 29
10 5 40
10 8 39
10 9 67
10 12 74
10 14 34
10 17 30
10 18 56
10 20 60
10 21 38
10 23 61
10 24 75
10 27 39
10 29 23
10 32 53
10 36 50
10 37 68
10 38 48
10 41 38
10 44 62
10 58 44
10 60 60
10 61 55
10 62 49
10 65 78
10 66 44
10 67 49
10 68 57
10 70 63
10 73 34
10 75 74
10 77 46
10 78 52
10 79 39
10 81 22
10 82 43
10 84 76
10 85 35
10 86 55
10 89 79
10 90 44
10 91 21
10 93 79
10 95 51
10 99 27
11 3 26
11 4 75
11 6 27
11 7 44
11 8 45
11 9 57
11 12 60
11 13 59
11 14 48
11 18 41
11 20 25
11 24 50
11 27 28
11 28 63
11 31 32
11 32 36
11 33 63
11 34 33
11 35 68
11 37 59
11 38 80
11 39 61
11 40 28
11 41 61
11 43 63
11 44 67
11 46 78
11 47 53
11 49 29
11 50 80
11 52 74
11 55 54
11 57 35
11 58 42
11 59 55
11 60 55
11 62 37
11 63 26
11 65 41
11 73 70
11 75 38
11 78 31
11 80 57
11 81 58
11 82 74
11 83 70
11 84 63
11 90 80
11 92 35
11 93 37
11 94 28
11 96 35
11 97 47
11 99 24
12 1 27
12 2 72
12 3 33
12 4 65
12 8 30
12 9 38
12 10 74
12 11 60
12 13 78
12 14 20
12 17 33
12 18 33
12 20 62
12 21 61
12 22 25
12 26 31
12 28 73
12 29 25
12 32 26
12 34 71
12 35 42
12 38 50
12 40 61
12 41 44
12 42 78
12 43 62
12 44 74
12 46 68
12 48 23
12 50 61
12 52 64
12 53 77
12 55 33
12 57 43
12 58 26
12 65 71
12 67 59
12 70 52
12 71 60
12 73 53
12 75 54
12 76 75
12 77 65
12 78 23
12 81 80
12 84 67
12 85 25
12 88 62
12 90 36
12 92 71
12 94 20
12 95 32
12 97 34
12 98 75
12 99 46
13 3 20
13 6 75
13 9 28
13 11 59
13 12 78
13 14 29
13 16 23
13 17 34
13 18 61
13 23 68
13 25 22
13 28 31
13 29 23
13 30 29
13 33 78
13 34 27
13 35 71
13 36 38
13 38 69
13 39 51
13 41 29
13 43 54
13 44 77
13 47 68
13 49 21
13 52 61
13 53 72
13 55 27
13 56 49
13 57 41
13 58 55
13 59 79
13 60 54
13 61 44
13 62 28
13 64 51
13 65 59
13 66 21
13 68 51
13 70 54
13 73 68
13 74 59
13 77 47
13 82 35
13 87 50
13 90 31
13 92 26
13 94 53
13 97 41
14 1 22
14 3 68
14 4 24
14 5 55
14 8 37
14 10 34
14 11 48
14 12 20
14 13 29
14 19 44
14 22 67
14 23 53
14 25 41
14 26 51
14 28 21
14 31 75
14 32 46
14 36 26
14 38 65
14 39 27
14 45 40
14 46 28
14 50 49
14 52 62
14 53 28
14 55 79
14 57 52
14 59 37
14 61 78
14 62 26
14 63 31
14 64 24
14 72 67
14 73 39
14 75 34
14 76 51
14 79 59
14 81 78
14 84 75
14 85 62
14 90 41
14 92 44
14 94 36
14 95 77
14 96 33
14 99 74
15 1 28
15 2 37
15 5 55
15 8 34
15 16 58
15 19 76
15 20 72
15 24 65
15 28 50
15 31 31
15 34 53
15 35 29
15 37 52
15 39 78
15 40 54
15 41 80
15 42 32
15 43 66
15 44 27
15 45 61
15 46 34
15 47 33
15 48 21
15 49 56
15 50 71
15 53 71
15 54 38
15 56 63
15 57 59
15 58 66
15 59 51
15 61 75
15 63 32
15 64 28
15 67 64
15 68 25
15 69 61
15 71 22
15 72 48
15 74 80
15 76 64
15 77 43
15 79 24
15 81 36
15 82 36
15 84 54
15 85 80
15 86 69
15 87 27
15 89 76
15 90 37
15 91 66
15 92 41
15 93 27
15 95 20
15 96 26
15 98 61
15 99 23
16 3 44
16 8 42
16 13 23
16 15 58
16 21 69
16 23 39
16 25 40
16 26 60
16 27 48
16 28 23
16 29 40
16 34 54
16 38 30
16 39 30
16 40 70
16 43 37
16 44 32
16 52 35
16 53 29
16 54 42
16 55 43
16 59 29
16 61 77
16 65 29
16 66 73
16 68 53
16 69 37
16 72 54
16 74 67
16 75 33
16 77 66
16 80 68
16 81 49
16 85 43
16 86 68
16 87 61
16 91 78
16 93 69
16 94 28
16 95 68
16 97 39
17 2 52
17 3 72
17 4 50
17 6 37
17 7 63
17 10 30
17 12 33
17 13 34
17 18 24
17 20 74
17 22 73
17 27 23
17 28 74
17 29 31
17 37 56
17 39 56
17 41 31
17 44 26
17 45 62
17 46 33
17 48 33
17 49 80
17 50 64
17 51 66
17 52 26
17 54 33
17 56 53
17 57 55
17 58 75
17 61 28
17 62 46
17 64 33
17 65 61
17 66 26
17 68 33
17 69 78
17 70 78
17 72 51
17 73 63
17 74 36
17 77 40
17 78 51
17 82 40
17 83 27
17 85 32
17 91 41
17 94 51
17 95 31
17 98 57
17 99 44
18 1 56
18 3 47
18 5 42
18 7 20
18 8 74
18 10 56
18 11 41
18 12 33
18 13 61
18 17 24
18 19 52
18 21 21
18 26 37
18 27 29
18 28 24
18 29 65
18 31 78
18 33 43
18 36 78
18 37 28
18 38 61
18 41 68
18 45 44
18 46 52
18 47 32
18 49 21
18 50 67
18 51 36
18 52 27
18 54 75
18 58 41
18 59 47
18 60 54
18 62 79
18 64 44
18 65 26
18 70 69
18 71 73
18 72 73
18 75 73
18 77 80
18 79 45
18 81 39
18 82 29
18 84 80
18 89 71
18 90 74
18 93 29
18 94 30
18 97 43
18 98 48
18 99 38
19 6 26
19 7 66
19 14 44
19 15 76
19 18 52
19 21 65
19 26 35
19 27 23
19 29 33
19 36 60
19 38 22
19 42 26
19 44 33
19 45 22
19 47 52
19 52 28
19 53 44
19 54 78
19 60 62
19 62 65
19 65 32
19 68 56
19 69 58
19 70 71
19 71 52
19 72 34
19 73 52
19 75 50
19 77 40
19 78 45
19 79 78
19 80 30
19 81 43
19 82 29
19 84 63
19 85 23
19 86 46
19 88 52
19 89 35
19 90 52
19 92 35
19 93 58
19 94 53
19 95 39
19 98 64
19 99 43
20 2 54
20 3 25
20 4 70
20 9 62
20 10 60
20 11 25
20 12 62
20 15 72
20 17 74
20 22 72
20 23 71
20 25 53
20 31 37
20 34 78
20 37 49
20 38 61
20 39 76
20 40 69
20 41 80
20 42 72
20 43 73
20 44 27
20 45 58
20 48 78
20 50 79
20 51 24
20 52 50
20 53 47
20 54 48
20 55 74
20 56 47
20 57 49
20 58 22
20 59 57
20 60 28
20 61 76
20 64 32
20 65 54
20 66 34
20 68 40
20 69 39
20 71 70
20 73 69
20 75 38
20 78 48
20 79 66
20 80 65
20 82 29
20 83 71
20 85 47
20 86 66
20 89 32
20 90 46
20 92 22
20 93 37
20 95 39
20 96 73
20 97 24
20 99 59
21 2 80
21 3 23
21 6 67
21 10 38
21 12 61
21 16 69
21 18 21
21 19 65
21 22 35
21 23 71
21 24 48
21 25 48
21 27 25
21 29 73
21 30 50
21 31 75
21 32 66
21 33 21
21 34 46
21 35 50
21 37 80
21 38 35
21 39 33
21 43 22
21 45 60
21 47 22
21 50 79
21 51 48
21 52 43
21 57 26
21 60 33
21 64 75
21 65 55
21 69 32
21 72 64
21 73 76
21 75 27
21 76 25
21 78 67
21 81 32
21 82 38
21 85 41
21 87 32
21 88 38
21 89 27
21 90 20
21 91 61
21 96 35
21 97 40
22 1 22
22 2 66
22 3 26
22 4 62
22 7 67
22 9 62
22 12 25
22 14 67
22 17 73
22 20 72
22 21 35
22 23 51
22 24 25
22 26 71
22 30 62
22 31 79
22 32 68
22 34 46
22 35 73
22 36 30
22 38 53
22 41 71
22 43 57
22 44 21
22 45 53
22 47 27
22 49 59
22 50 34
22 56 40
22 57 21
22 59 43
22 62 34
22 63 43
22 64 72
22 65 31
22 66 66
22 67 30
22 68 70
22 69 54
22 71 26
22 74 42
22 76 26
22 77 35
22 79 65
22 86 47
22 87 59
22 89 78
22 92 55
22 94 80
22 95 39
22 97 22
22 99 37
23 4 31
23 9 71
23 10 61
23 13 68
23 14 53
23 16 39
23 20 71
23 21 71
23 22 51
23 24 62
23 25 38
23 27 28
23 28 32
23 33 37
23 35 55
23 40 30
23 46 68
23 48 70
23 52 24
23 53 68
23 57 59
23 58 43
23 59 73
23 60 57
23 61 44
23 63 52
23 64 69
23 65 45
23 66 60
23 70 59
23 71 49
23 72 51
23 73 68
23 78 32
23 81 73
23 82 69
23 84 26
23 86 67
23 88 73
23 89 49
23 90 72
23 92 79
23 93 25
23 94 32
23 96 35
23 99 29
24 4 48
24 6 57
24 8 21
24 10 75
24 11 50
24 15 65
24 21 48
24 22 25
24 23 62
24 26 76
24 30 47
24 31 31
24 32 37
24 35 40
24 39 21
24 43 80
24 44 61
24 48 50
24 52 43
24 53 50
24 55 44
24 58 53
24 59 28
24 64 20
24 65 69
24 68 28
24 69 46
24 70 56
24 71 48
24 75 24
24 77 38
24 79 34
24 80 54
24 85 20
24 89 56
24 90 20
24 91 22
24 92 49
24 96 39
24 98 26
24 99 40
25 1 27
25 4 38
25 5 73
25 6 64
25 7 30
25 9 26
25 13 22
25 14 41
25 16 40
25 20 53
25 21 48
25 23 38
25 27 32
25 28 65
25 29 72
25 33 79
25 35 49
25 36 42
25 38 75
25 40 34
25 41 20
25 42 58
25 43 72
25 44 80
25 45 72
25 49 39
25 50 47
25 52 43
25 56 24
25 60 34
25 62 36
25 66 51
25 68 34
25 69 62
25 71 45
25 72 35
25 73 39
25 76 52
25 77 73
25 78 76
25 80 74
25 81 50
25 83 35
25 84 23
25 85 48
25 86 36
25 87 70
25 88 50
25 90 58
25 91 51
25 92 44
25 97 46
26 1 74
26 2 39
26 3 68
26 6 65
26 12 31
26 14 51
26 16 60
26 18 37
26 19 35
26 22 71
26 24 76
26 27 50
26 28 43
26 29 60
26 31 63
26 33 37
26 40 44
26 41 41
26 43 61
26 47 50
26 49 67
26 50 20
26 54 43
26 55 58
26 56 22
26 57 44
26 58 47
26 59 46
26 60 28
26 61 60
26 64 33
26 65 79
26 66 65
26 67 77
26 68 60
26 69 64
26 70 69
26 72 26
26 75 40
26 76 66
26 77 43
26 78 45
26 79 61
26 80 62
26 81 47
26 82 57
26 84 44
26 87 28
26 89 20
26 90 72
26 91 25
26 94 28
26 95 61
26 98 33
27 2 42
27 3 42
27 6 68
27 7 31
27 9 66
27 10 39
27 11 28
27 16 48
27 17 23
27 18 29
27 19 23
27 21 25
27 23 28
27 25 32
27 26 50
27 30 70
27 34 69
27 35 39
27 36 38
27 39 39
27 41 55
27 42 28
27 43 30
27 45 58
27 46 46
27 47 71
27 48 20
27 51 69
27 55 33
27 57 59
27 58 68
27 63 31
27 64 48
27 65 64
27 67 79
27 70 23
27 71 60
27 73 32
27 76 35
27 77 43
27 78 20
27 80 37
27 82 62
27 86 24
27 89 66
27 91 49
27 94 22
28 4 26
28 6 25
28 8 58
28 11 63
28 12 73
28 13 31
28 14 21
28 15 50
28 16 23
28 17 74
28 18 24
28 23 32
28 25 65
28 26 43
28 29 68
28 31 44
28 32 52
28 33 63
28 35 63
28 38 78
28 39 29
28 40 29
28 42 31
28 43 33
28 44 37
28 46 52
28 47 43
28 49 74
28 50 53
28 52 28
28 53 34
28 57 59
28 58 64
28 60 69
28 62 22
28 63 67
28 64 20
28 65 34
28 66 75
28 67 27
28 71 76
28 77 62
28 82 44
28 84 75
28 85 36
28 89 35
28 90 40
28 91 80
28 92 54
28 94 74
28 98 25
28 99 74
29 1 35
29 4 20
29 5 28
29 6 54
29 9 69
29 10 23
29 12 25
29 13 23
29 16 40
29 17 31
29 18 65
29 19 33
29 21 73
29 25 72
29 26 60
29 28 68
29 31 35
29 33 73
29 35 39
29 37 55
29 38 79
29 39 49
29 40 29
29 43 38
29 44 42
29 46 66
29 51 38
29 55 63
29 57 28
29 58 34
29 59 58
29 64 23
29 65 46
29 68 30
29 69 47
29 70 57
29 75 73
29 77 65
29 78 71
29 79 58
29 82 34
29 86 71
29 87 44
29 89 77
29 90 44
29 91 55
29 92 48
29 93 34
29 96 41
29 98 21
30 3 20
30 4 74
30 7 50
30 13 29
30 21 50
30 22 62
30 24 47
30 27 70
30 35 59
30 36 38
30 37 69
30 39 68
30 41 65
30 47 20
30 48 57
30 50 49
30 53 48
30 54 47
30 55 64
30 56 46
30 58 55
30 59 47
30 61 78
30 62 64
30 65 35
30 71 61
30 72 74
30 74 23
30 77 61
30 79 32
30 80 24
30 81 63
30 83 34
30 84 43
30 86 54
30 88 80
30 89 28
30 92 22
30 95 24
30 96 28
30 97 26
30 98 20
30 99 49
31 3 46
31 4 50
31 5 24
31 6 23
31 8 41
31 9 69
31 11 32
31 14 75
31 15 31
31 18 78
31 20 37
31 21 75
31 22 79
31 24 31
31 26 63
31 28 44
31 29 35
31 34 27
31 37 27
31 40 73
31 44 71
31 45 33
31 49 63
31 50 71
31 59 56
31 60 33
31 67 21
31 69 77
31 70 34
31 72 69
31 73 37
31 76 53
31 77 51
31 78 33
31 80 28
31 85 72
31 87 64
31 89 69
31 90 25
31 92 47
31 96 43
31 97 46
32 1 72
32 3 24
32 8 53
32 9 73
32 10 53
32 11 36
32 12 26
32 14 46
32 21 66
32 22 68
32 24 37
32 28 52
32 33 21
32 34 66
32 35 21
32 37 80
32 45 60
32 46 52
32 48 20
32 52 48
32 56 53
32 57 29
32 59 33
32 60 77
32 62 38
32 65 43
32 66 46
32 67 62
32 69 21
32 70 20
32 73 23
32 75 72
32 76 36
32 78 77
32 79 37
32 80 63
32 81 48
32 86 77
32 89 80
32 90 67
32 93 29
33 1 42
33 2 66
33 3 74
33 6 45
33 7 54
33 11 63
33 13 78
33 18 43
33 21 21
33 23 37
33 25 79
33 26 37
33 28 63
33 29 73
33 32 21
33 34 61
33 37 42
33 41 26
33 43 56
33 44 50
33 49 46
33 50 35
33 54 32
33 55 77
33 58 62
33 63 56
33 66 27
33 67 45
33 69 50
33 70 47
33 74 61
33 78 40
33 79 48
33 81 40
33 82 68
33 83 38
33 84 49
33 88 47
33 89 45
33 90 61
33 91 59
33 94 69
33 95 71
33 96 71
33 97 64
33 99 52
34 1 47
34 3 24
34 6 75
34 7 58
34 8 61
34 11 33
34 12 71
34 13 27
34 15 53
34 16 54
34 20 78
34 21 46
34 22 46
34 27 69
34 31 27
34 32 66
34 33 61
34 38 66
34 41 72
34 42 35
34 43 53
34 44 38
34 49 41
34 50 31
34 51 60
34 54 60
34 56 54
34 57 47
34 58 32
34 61 62
34 67 34
34 68 39
34 69 59
34 72 59
34 73 34
34 74 63
34 75 73
34 76 80
34 80 71
34 81 38
34 82 51
34 83 51
34 85 25
34 86 75
34 87 42
34 90 40
34 95 73
34 99 63
35 1 51
35 2 22
35 3 76
35 5 65
35 8 40
35 9 49
35 11 68
35 12 42
35 13 71
35 15 29
35 21 50
35 22 73
35 23 55
35 24 40
35 25 49
35 27 39
35 28 63
35 29 39
35 30 59
35 32 21
35 37 33
35 38 53
35 39 34
35 42 54
35 43 60
35 46 41
35 47 44
35 48 61
35 50 25
35 51 34
35 52 27
35 55 30
35 56 78
35 57 61
35 58 48
35 60 32
35 61 23
35 63 57
35 64 43
35 71 64
35 73 54
35 75 68
35 81 45
35 82 77
35 83 24
35 84 66
35 85 52
35 88 68
35 89 29
35 91 79
35 92 55
35 93 63
35 94 59
35 95 70
35 96 60
36 2 73
36 3 60
36 5 30
36 6 69
36 8 21
36 9 35
36 10 50
36 13 38
36 14 26
36 18 78
36 19 60
36 22 30
36 25 42
36 27 38
36 30 38
36 38 23
36 41 44
36 42 49
36 44 26
36 46 26
36 49 42
36 50 79
36 51 73
36 52 20
36 55 33
36 56 30
36 59 58
36 63 66
36 65 67
36 67 71
36 68 28
36 71 61
36 72 59
36 73 43
36 74 76
36 75 52
36 77 78
36 78 41
36 79 29
36 81 37
36 83 77
36 85 60
36 86 69
36 88 48
36 89 40
36 90 36
36 91 20
36 92 60
36 95 38
36 96 35
36 97 69
37 1 22
37 3 64
37 5 52
37 6 38
37 7 57
37 8 64
37 10 68
37 11 59
37 15 52
37 17 56
37 18 28
37 20 49
37 21 80
37 29 55
37 30 69
37 31 27
37 32 80
37 33 42
37 35 33
37 38 39
37 39 47
37 40 39
37 44 54
37 46 34
37 47 75
37 48 77
37 50 46
37 51 69
37 57 78
37 58 20
37 59 60
37 61 22
37 62 21
37 64 47
37 65 64
37 66 30
37 68 48
37 69 73
37 74 31
37 77 56
37 78 39
37 79 45
37 83 78
37 87 72
37 89 56
37 90 53
37 91 65
37 92 27
37 93 75
37 94 44
37 95 30
37 96 63
37 97 62
37 98 49
37 99 79
38 1 79
38 4 21
38 7 44
38 9 72
38 10 48
38 11 80
38 12 50
38 13 69
38 14 65
38 16 30
38 18 61
38 19 22
38 20 61
38 21 35
38 22 53
38 25 75
38 28 78
38 29 79
38 34 66
38 35 53
38 36 23
38 37 39
38 39 49
38 40 47
38 42 37
38 43 70
38 48 27
38 49 63
38 50 48
38 55 33
38 56 53
38 58 64
38 59 59
38 64 55
38 66 27
38 70 62
38 73 62
38 74 57
38 75 21
38 76 68
38 81 25
38 84 27
38 85 26
38 87 31
38 88 64
38 89 46
38 93 63
38 94 61
38 96 73
38 98 46
39 1 30
39 3 42
39 5 47
39 7 48
39 11 61
39 13 51
39 14 27
39 15 78
39 16 30
39 17 56
39 20 76
39 21 33
39 24 21
39 27 39
39 28 29
39 29 49
39 30 68
39 35 34
39 37 47
39 38 49
39 41 47
39 47 50
39 48 63
39 49 46
39 53 27
39 55 62
39 56 39
39 57 21
39 58 27
39 59 71
39 60 32
39 62 61
39 64 58
39 69 26
39 73 57
39 74 61
39 75 35
39 77 30
39 78 47
39 79 37
39 81 76
39 82 76
39 83 76
39 85 45
39 86 80
39 89 46
39 91 75
39 92 31
39 93 78
39 94 74
39 95 70
39 96 52
39 97 39
39 98 80
39 99 23
40 3 50
40 4 71
40 6 57
40 9 28
40 11 28
40 12 61
40 15 54
40 16 70
40 20 69
40 23 30
40 25 34
40 26 44
40 28 29
40 29 29
40 31 73
40 37 39
40 38 47
40 41 40
40 43 51
40 44 47
40 47 34
40 48 49
40 49 40
40 50 78
40 51 54
40 52 59
40 54 68
40 56 50
40 57 52
40 59 72
40 60 60
40 61 78
40 62 66
40 64 22
40 65 20
40 66 58
40 72 49
40 73 28
40 75 58
40 76 64
40 79 25
40 82 79
40 84 41
40 85 39
40 86 52
40 88 75
40 90 54
40 91 71
40 95 59
40 97 78
41 1 59
41 5 62
41 7 21
41 9 29
41 10 38
41 11 61
41 12 44
41 13 29
41 15 80
41 17 31
41 18 68
41 20 80
41 22 71
41 25 20
41 26 41
41 27 55
41 30 65
41 33 26
41 34 72
41 36 44
41 39 47
41 40 40
41 42 40
41 44 20
41 48 67
41 50 47
41 51 57
41 52 75
41 53 28
41 54 33
41 56 28
41 57 44
41 58 59
41 60 52
41 63 25
41 66 25
41 67 31
41 68 50
41 70 67
41 71 57
41 73 68
41 75 53
41 76 62
41 79 31
41 84 69
41 86 44
41 88 54
41 89 62
41 92 48
41 93 32
41 96 41
41 97 74
41 98 38
42 1 80
42 4 56
42 5 25
42 6 53
42 8 30
42 9 75
42 12 78
42 15 32
42 19 26
42 20 72
42 25 58
42 27 28
42 28 31
42 34 35
42 35 54
42 36 49
42 38 37
42 41 40
42 45 77
42 46 45
42 47 25
42 49 54
42 53 30
42 54 47
42 60 62
42 63 61
42 64 28
42 66 52
42 67 79
42 69 55
42 70 54
42 72 76
42 73 45
42 75 25
42 78 45
42 79 63
42 82 59
42 83 51
42 86 78
42 87 54
42 90 20
42 91 65
42 94 30
42 97 25
42 98 56
42 99 57
43 2 37
43 4 61
43 5 78
43 6 52
43 7 40
43 11 63
43 12 62
43 13 54
43 15 66
43 16 37
43 20 73
43 21 22
43 22 57
43 24 80
43 25 72
43 26 61
43 27 30
43 28 33
43 29 38
43 33 56
43 34 53
43 35 60
43 38 70
43 40 51
43 44 77
43 45 37
43 52 55
43 57 47
43 59 44
43 63 72
43 64 74
43 66 38
43 70 34
43 71 48
43 73 37
43 74 21
43 82 68
43 86 76
43 87 20
43 90 22
43 92 45
43 93 48
43 95 61
43 97 55
44 2 48
44 3 54
44 10 62
44 11 67
44 12 74
44 13 77
44 15 27
44 16 32
44 17 26
44 19 33
44 20 27
44 22 21
44 24 61
44 25 80
44 28 37
44 29 42
44 31 71
44 33 50
44 34 38
44 36 26
44 37 54
44 40 47
44 41 20
44 43 77
44 50 50
44 51 54
44 53 56
44 56 23
44 57 64
44 58 57
44 60 77
44 62 76
44 64 80
44 65 29
44 66 32
44 68 64
44 69 39
44 70 35
44 73 72
44 75 64
44 78 43
44 80 23
44 82 20
44 86 46
44 87 72
44 88 34
44 93 38
44 94 74
44 95 36
44 96 68
44 97 38
44 98 37
44 99 52
45 1 37
45 2 53
45 3 57
45 5 53
45 9 75
45 14 40
45 15 61
45 17 62
45 18 44
45 19 22
45 20 58
45 21 60
45 22 53
45 25 72
45 27 58
45 31 33
45 32 60
45 42 77
45 43 37
45 46 70
45 48 41
45 50 31
45 52 25
45 55 20
45 60 64
45 65 62
45 66 31
45 70 59
45 72 62
45 74 20
45 75 24
45 77 53
45 78 47
45 79 39
45 81 54
45 82 30
45 83 41
45 86 51
45 88 63
45 93 51
45 95 58
45 96 53
45 99 57
46 1 71
46 2 77
46 3 47
46 8 27
46 9 38
46 11 78
46 12 68
46 14 28
46 15 34
46 17 33
46 18 52
46 23 68
46 27 46
46 28 52
46 29 66
46 32 52
46 35 41
46 36 26
46 37 34
46 42 45
46 45 70
46 47 75
46 48 30
46 49 73
46 51 26
46 54 33
46 55 29
46 57 31
46 58 49
46 60 39
46 64 67
46 66 20
46 67 30
46 69 36
46 72 52
46 74 59
46 77 67
46 78 65
46 79 59
46 82 49
46 83 50
46 84 35
46 85 73
46 86 60
46 90 23
46 93 33
46 95 30
46 97 74
47 2 67
47 3 57
47 5 54
47 8 42
47 9 44
47 11 53
47 13 68
47 15 33
47 18 32
47 19 52
47 21 22
47 22 27
47 26 50
47 27 71
47 28 43
47 30 20
47 35 44
47 37 75
47 39 50
47 40 34
47 42 25
47 46 75
47 48 27
47 49 41
47 51 80
47 52 28
47 54 44
47 56 56
47 57 66
47 59 72
47 64 21
47 66 49
47 68 80
47 69 33
47 71 79
47 72 23
47 76 69
47 78 80
47 83 54
47 84 31
47 85 74
47 91 51
47 93 45
47 94 22
47 95 60
47 97 64
47 99 22
48 1 35
48 6 49
48 8 69
48 9 44
48 12 23
48 15 21
48 17 33
48 20 78
48 23 70
48 24 50
48 27 20
48 30 57
48 32 20
48 35 61
48 37 77
48 38 27
48 39 63
48 40 49
48 41 67
48 45 41
48 46 30
48 47 27
48 49 42
48 51 41
48 52 71
48 53 21
48 54 51
48 55 26
48 56 68
48 57 78
48 58 27
48 60 57
48 61 75
48 62 73
48 65 32
48 68 57
48 69 31
48 70 33
48 72 56
48 75 67
48 79 54
48 80 44
48 84 78
48 85 70
48 86 65
48 88 57
48 89 20
48 92 54
48 94 45
48 95 45
48 96 40
49 2 73
49 3 49
49 4 54
49 5 71
49 9 27
49 11 29
49 13 21
49 15 56
49 17 80
49 18 21
49 22 59
49 25 39
49 26 67
49 28 74
49 31 63
49 33 46
49 34 41
49 36 42
49 38 63
49 39 46
49 40 40
49 42 54
49 46 73
49 47 41
49 48 42
49 52 53
49 55 41
49 63 78
49 64 72
49 69 66
49 70 30
49 71 54
49 72 27
49 73 26
49 74 79
49 75 62
49 76 56
49 77 63
49 78 24
49 79 79
49 80 67
49 83 35
49 85 66
49 87 29
49 89 58
49 91 23
49 92 56
49 93 79
49 94 39
49 96 75
49 97 26
49 99 21
50 1 59
50 2 46
50 4 24
50 5 28
50 6 22
50 8 54
50 9 80
50 11 80
50 12 61
50 14 49
50 15 71
50 17 64
50 18 67
50 20 79
50 21 79
50 22 34
50 25 47
50 26 20
50 28 53
50 30 49
50 31 71
50 33 35
50 34 31
50 35 25
50 36 79
50 37 46
50 38 48
50 40 78
50 41 47
50 44 50
50 45 31
50 51 31
50 52 69
50 55 30
50 56 77
50 58 56
50 60 71
50 64 52
50 65 51
50 66 64
50 67 62
50 70 57
50 74 75
50 75 51
50 77 63
50 78 31
50 80 28
50 81 67
50 82 74
50 83 49
50 87 21
50 88 64
50 89 24
50 90 24
50 91 45
50 92 55
50 94 60
50 95 75
50 97 21
51 1 70
51 2 56
51 3 46
51 5 29
51 6 78
51 17 66
51 18 36
51 20 24
51 21 48
51 27 69
51 29 38
51 34 60
51 35 34
51 36 73
51 37 69
51 40 54
51 41 57
51 44 54
51 46 26
51 47 80
51 48 41
51 50 31
51 52 50
51 53 54
51 55 73
51 58 52
51 61 32
51 63 59
51 69 76
51 70 29
51 71 29
51 72 46
51 75 26
51 81 71
51 82 21
51 83 66
51 85 50
51 86 28
51 88 75
51 90 31
51 92 68
51 93 68
51 94 67
51 95 58
51 98 34
52 1 31
52 2 47
52 3 24
52 4 58
52 6 46
52 7 43
52 8 57
52 11 74
52 12 64
52 13 61
52 14 62
52 16 35
52 17 26
52 18 27
52 19 28
52 20 50
52 21 43
52 23 24
52 24 43
52 25 43
52 28 28
52 32 48
52 35 27
52 36 20
52 40 59
52 41 75
52 43 55
52 45 25
52 47 28
52 48 71
52 49 53
52 50 69
52 51 50
52 54 31
52 55 71
52 58 65
52 60 36
52 62 20
52 64 56
52 69 34
52 72 79
52 73 80
52 75 44
52 77 54
52 81 69
52 83 41
52 84 30
52 85 27
52 87 43
52 88 31
52 89 55
52 92 54
52 93 38
52 95 76
52 98 32
52 99 40
53 4 45
53 5 55
53 12 77
53 13 72
53 14 28
53 15 71
53 16 29
53 19 44
53 20 47
53 23 68
53 24 50
53 28 34
53 30 48
53 39 27
53 41 28
53 42 30
53 44 56
53 48 21
53 51 54
53 55 42
53 58 47
53 62 44
53 64 74
53 67 53
53 70 21
53 71 49
53 75 76
53 76 72
53 77 66
53 78 22
53 82 57
53 84 39
53 85 42
53 89 60
53 90 28
53 92 27
53 93 63
53 95 79
53 96 75
53 98 76
53 99 64
54 1 61
54 3 42
54 5 34
54 9 40
54 15 38
54 16 42
54 17 33
54 18 75
54 19 78
54 20 48
54 26 43
54 30 47
54 33 32
54 34 60
54 40 68
54 41 33
54 42 47
54 46 33
54 47 44
54 48 51
54 52 31
54 56 69
54 57 53
54 58 52
54 60 56
54 64 44
54 65 50
54 66 41
54 68 67
54 69 77
54 70 53
54 72 48
54 74 35
54 75 20
54 76 77
54 77 22
54 80 25
54 81 72
54 83 71
54 86 35
54 87 25
54 89 39
54 91 66
54 92 68
54 93 46
54 94 74
54 96 29
54 97 60
54 99 49
55 7 65
55 8 20
55 11 54
55 12 33
55 13 27
55 14 79
55 16 43
55 20 74
55 24 44
55 26 58
55 27 33
55 29 63
55 30 64
55 33 77
55 35 30
55 36 33
55 38 33
55 39 62
55 45 20
55 46 29
55 48 26
55 49 41
55 50 30
55 51 73
55 52 71
55 53 42
55 59 25
55 60 59
55 62 74
55 63 56
55 64 49
55 68 59
55 69 25
55 72 79
55 73 70
55 74 73
55 77 72
55 79 44
55 83 53
55 89 40
55 90 69
55 91 40
55 97 79
55 98 72
55 99 38
56 1 37
56 2 44
56 4 71
56 6 33
56 7 79
56 13 49
56 15 63
56 17 53
56 20 47
56 22 40
56 25 24
56 26 22
56 30 46
56 32 53
56 34 54
56 35 78
56 36 30
56 38 53
56 39 39
56 40 50
56 41 28
56 44 23
56 47 56
56 48 68
56 50 77
56 54 69
56 59 79
56 61 33
56 62 28
56 64 57
56 69 40
56 70 20
56 71 79
56 72 56
56 73 77
56 75 65
56 78 28
56 82 67
56 87 74
56 89 65
56 90 53
56 91 37
56 92 28
56 94 52
56 95 55
56 99 29
57 1 53
57 3 33
57 4 68
57 5 63
57 11 35
57 12 43
57 13 41
57 14 52
57 15 59
57 17 55
57 20 49
57 21 26
57 22 21
57 23 59
57 26 44
57 27 59
57 28 59
57 29 28
57 32 29
57 34 47
57 35 61
57 37 78
57 39 21
57 40 52
57 41 44
57 43 47
57 44 64
57 46 31
57 47 66
57 48 78
57 54 53
57 58 62
57 59 66
57 60 39
57 61 30
57 63 34
57 65 60
57 67 38
57 69 25
57 70 26
57 71 24
57 73 20
57 74 62
57 78 44
57 81 49
57 84 35
57 85 47
57 88 58
57 90 24
57 92 40
57 93 80
57 95 44
57 96 54
57 97 56
58 2 51
58 4 78
58 6 55
58 7 37
58 8 72
58 10 44
58 11 42
58 12 26
58 13 55
58 15 66
58 17 75
58 18 41
58 20 22
58 23 43
58 24 53
58 26 47
58 27 68
58 28 64
58 29 34
58 30 55
58 33 62
58 34 32
58 35 48
58 37 20
58 38 64
58 39 27
58 41 59
58 44 57
58 46 49
58 48 27
58 50 56
58 51 52
58 52 65
58 53 47
58 54 52
58 57 62
58 59 35
58 63 41
58 64 50
58 66 52
58 69 27
58 72 43
58 75 72
58 78 24
58 79 43
58 82 64
58 85 80
58 87 60
58 89 36
58 91 75
58 92 32
58 95 75
58 96 28
58 99 68
59 5 80
59 8 53
59 9 29
59 11 55
59 13 79
59 14 37
59 15 51
59 16 29
59 18 47
59 20 57
59 22 43
59 23 73
59 24 28
59 26 46
59 29 58
59 30 47
59 31 56
59 32 33
59 36 58
59 37 60
59 38 59
59 39 71
59 40 72
59 43 44
59 47 72
59 55 25
59 56 79
59 57 66
59 58 35
59 62 30
59 63 65
59 66 22
59 68 21
59 70 37
59 73 55
59 80 35
59 82 42
59 84 40
59 85 36
59 86 64
59 87 71
59 88 73
59 89 36
59 93 22
59 96 55
59 97 66
59 98 56
60 2 72
60 3 21
60 4 75
60 6 73
60 8 58
60 10 60
60 11 55
60 13 54
60 18 54
60 19 62
60 20 28
60 21 33
60 23 57
60 25 34
60 26 28
60 28 69
60 31 33
60 32 77
60 35 32
60 39 32
60 40 60
60 41 52
60 42 62
60 44 77
60 45 64
60 46 39
60 48 57
60 50 71
60 52 36
60 54 56
60 55 59
60 57 39
60 63 63
60 67 22
60 70 65
60 72 61
60 74 24
60 75 23
60 78 23
60 79 20
60 82 20
60 83 43
60 84 71
60 85 67
60 88 66
60 90 59
60 92 49
60 93 20
60 94 59
60 95 51
60 96 70
60 97 77
61 1 77
61 2 64
61 3 55
61 4 38
61 5 26
61 7 53
61 10 55
61 13 44
61 14 78
61 15 75
61 16 77
61 17 28
61 20 76
61 23 44
61 26 60
61 30 78
61 34 62
61 35 23
61 37 22
61 40 78
61 48 75
61 51 32
61 56 33
61 57 30
61 63 64
61 65 65
61 66 76
61 67 23
61 68 52
61 70 41
61 72 61
61 73 26
61 74 39
61 75 35
61 76 27
61 77 22
61 78 69
61 79 31
61 82 80
61 83 20
61 84 39
61 85 78
61 86 78
61 87 42
61 89 51
61 91 36
61 93 33
61 98 67
62 1 40
62 2 38
62 3 76
62 5 79
62 7 33
62 8 23
62 9 70
62 10 49
62 11 37
62 13 28
62 14 26
62 17 46
62 18 79
62 19 65
62 22 34
62 25 36
62 28 22
62 30 64
62 32 38
62 37 21
62 39 61
62 40 66
62 44 76
62 48 73
62 52 20
62 53 44
62 55 74
62 56 28
62 59 30
62 66 57
62 70 51
62 71 54
62 72 39
62 73 53
62 74 26
62 75 46
62 77 71
62 78 67
62 79 79
62 84 44
62 85 69
62 86 32
62 87 43
62 88 79
62 92 23
62 93 36
62 94 63
62 95 77
62 96 21
62 98 25
62 99 74
63 1 29
63 2 30
63 3 77
63 4 43
63 7 28
63 8 51
63 9 60
63 11 26
63 14 31
63 15 32
63 22 43
63 23 52
63 27 31
63 28 67
63 33 56
63 35 57
63 36 66
63 41 25
63 42 61
63 43 72
63 49 78
63 51 59
63 55 56
63 57 34
63 58 41
63 59 65
63 60 63
63 61 64
63 64 21
63 65 52
63 68 26
63 70 73
63 71 54
63 77 66
63 78 44
63 79 31
63 80 54
63 84 63
63 85 60
63 87 60
63 91 54
63 94 80
63 95 39
63 98 69
64 2 21
64 5 79
64 6 49
64 8 64
64 9 28
64 13 51
64 14 24
64 15 28
64 17 33
64 18 44
64 20 32
64 21 75
64 22 72
64 23 69
64 24 20
64 26 33
64 27 48
64 28 20
64 29 23
64 35 43
64 37 47
64 38 55
64 39 58
64 40 22
64 42 28
64 43 74
64 44 80
64 46 67
64 47 21
64 49 72
64 50 52
64 52 56
64 53 74
64 54 44
64 55 49
64 56 57
64 58 50
64 63 21
64 68 33
64 69 66
64 70 40
64 72 47
64 76 63
64 77 53
64 81 52
64 84 58
64 85 45
64 87 21
64 91 68
64 92 75
64 94 38
64 95 75
64 96 29
64 97 40
65 1 49
65 6 50
65 7 79
65 10 78
65 11 41
65 12 71
65 13 59
65 16 29
65 17 61
65 18 26
65 19 32
65 20 54
65 21 55
65 22 31
65 23 45
65 24 69
65 26 79
65 27 64
65 28 34
65 29 46
65 30 35
65 32 43
65 36 67
65 37 64
65 40 20
65 44 29
65 45 62
65 48 32
65 50 51
65 54 50
65 57 60
65 61 65
65 63 52
65 66 44
65 68 21
65 70 58
65 71 30
65 72 80
65 73 71
65 76 78
65 77 39
65 78 59
65 80 20
65 81 70
65 82 78
65 85 27
65 86 55
65 87 28
65 89 58
65 92 53
65 93 33
65 94 79
65 97 31
65 99 54
66 1 58
66 2 74
66 5 69
66 6 59
66 7 44
66 10 44
66 13 21
66 16 73
66 17 26
66 20 34
66 22 66
66 23 60
66 25 51
66 26 65
66 28 75
66 32 46
66 33 27
66 37 30
66 38 27
66 40 58
66 41 25
66 42 52
66 43 38
66 44 32
66 45 31
66 46 20
66 47 49
66 50 64
66 54 41
66 58 52
66 59 22
66 61 76
66 62 57
66 65 44
66 67 56
66 68 45
66 70 33
66 71 68
66 75 76
66 81 59
66 82 70
66 83 53
66 84 58
66 85 37
66 86 44
66 88 67
66 89 46
66 91 32
66 94 29
66 97 66
66 98 26
67 7 24
67 8 33
67 10 49
67 12 59
67 15 64
67 22 30
67 26 77
67 27 79
67 28 27
67 31 21
67 32 62
67 33 45
67 34 34
67 36 71
67 41 31
67 42 79
67 46 30
67 50 62
67 53 53
67 57 38
67 60 22
67 61 23
67 66 56
67 68 54
67 75 58
67 76 55
67 79 34
67 81 53
67 85 25
67 87 65
67 90 37
67 91 78
67 93 24
67 95 63
67 96 48
67 98 44
67 99 26
68 1 72
68 5 79
68 6 27
68 8 51
68 10 57
68 13 51
68 15 25
68 16 53
68 17 33
68 19 56
68 20 40
68 22 70
68 24 28
68 25 34
68 26 60
68 29 30
68 34 39
68 36 28
68 37 48
68 41 50
68 44 64
68 47 80
68 48 57
68 54 67
68 55 59
68 59 21
68 61 52
68 63 26
68 64 33
68 65 21
68 66 45
68 67 54
68 69 66
68 71 42
68 72 55
68 73 40
68 74 35
68 75 79
68 76 32
68 79 34
68 80 60
68 81 79
68 82 64
68 83 71
68 86 33
68 88 41
68 89 24
68 92 66
68 96 26
68 99 22
69 2 66
69 4 38
69 6 40
69 8 67
69 15 61
69 16 37
69 17 78
69 19 58
69 20 39
69 21 32
69 22 54
69 24 46
69 25 62
69 26 64
69 29 47
69 31 77
69 32 21
69 33 50
69 34 59
69 37 73
69 39 26
69 42 55
69 44 39
69 46 36
69 47 33
69 48 31
69 49 66
69 51 76
69 52 34
69 54 77
69 55 25
69 56 40
69 57 25
69 58 27
69 64 66
69 68 66
69 70 22
69 72 28
69 74 45
69 75 40
69 76 23
69 80 52
69 82 21
69 83 65
69 87 39
69 88 54
69 92 57
69 93 71
69 96 22
69 97 60
70 2 72
70 3 28
70 4 55
70 9 39
70 10 63
70 12 52
70 13 54
70 17 78
70 18 69
70 19 71
70 23 59
70 24 56
70 26 69
70 27 23
70 29 57
70 31 34
70 32 20
70 33 47
70 38 62
70 41 67
70 42 54
70 43 34
70 44 35
70 45 59
70 48 33
70 49 30
70 50 57
70 51 29
70 53 21
70 54 53
70 56 20
70 57 26
70 59 37
70 60 65
70 61 41
70 62 51
70 63 73
70 64 40
70 65 58
70 66 33
70 69 22
70 71 42
70 72 50
70 75 64
70 78 48
70 79 80
70 80 80
70 81 44
70 82 20
70 85 39
70 86 43
70 88 40
70 90 54
70 92 63
70 95 64
70 97 34
70 99 69
71 1 49
71 2 40
71 3 55
71 6 67
71 7 46
71 12 60
71 15 22
71 18 73
71 19 52
71 20 70
71 22 26
71 23 49
71 24 48
71 25 45
71 27 60
71 28 76
71 30 61
71 35 64
71 36 61
71 41 57
71 43 48
71 47 79
71 49 54
71 51 29
71 53 49
71 56 79
71 57 24
71 62 54
71 63 54
71 65 30
71 66 68
71 68 42
71 70 42
71 72 40
71 73 73
71 74 31
71 75 30
71 77 56
71 79 26
71 82 41
71 86 45
71 87 55
71 88 60
71 89 70
71 90 66
71 91 24
71 92 45
71 93 48
71 95 52
71 97 57
71 98 49
71 99 70
72 1 20
72 2 31
72 3 70
72 4 39
72 14 67
72 15 48
72 16 54
72 17 51
72 18 73
72 19 34
72 21 64
72 23 51
72 25 35
72 26 26
72 30 74
72 31 69
72 34 59
72 36 59
72 40 49
72 42 76
72 45 62
72 46 52
72 47 23
72 48 56
72 49 27
72 51 46
72 52 79
72 54 48
72 55 79
72 56 56
72 58 43
72 60 61
72 61 61
72 62 39
72 64 47
72 65 80
72 68 55
72 69 28
72 70 50
72 71 40
72 73 38
72 77 33
72 78 23
72 80 32
72 82 75
72 83 26
72 84 67
72 85 67
72 91 58
72 93 57
72 94 36
72 95 70
72 98 51
72 99 47
73 5 37
73 6 35
73 7 26
73 8 30
73 9 22
73 10 34
73 11 70
73 12 53
73 13 68
73 14 39
73 17 63
73 19 52
73 20 69
73 21 76
73 23 68
73 25 39
73 27 32
73 31 37
73 32 23
73 34 34
73 35 54
73 36 43
73 38 62
73 39 57
73 40 28
73 41 68
73 42 45
73 43 37
73 44 72
73 49 26
73 52 80
73 55 70
73 56 77
73 57 20
73 59 55
73 61 26
73 62 53
73 65 71
73 68 40
73 71 73
73 72 38
73 77 54
73 81 68
73 83 37
73 84 41
73 85 30
73 86 42
73 87 21
73 90 55
73 94 34
73 96 25
74 1 28
74 2 69
74 4 39
74 8 61
74 9 45
74 13 59
74 15 80
74 16 67
74 17 36
74 22 42
74 30 23
74 33 61
74 34 63
74 36 76
74 37 31
74 38 57
74 39 61
74 43 21
74 45 20
74 46 59
74 49 79
74 50 75
74 54 35
74 55 73
74 57 62
74 60 24
74 61 39
74 62 26
74 68 35
74 69 45
74 71 31
74 76 26
74 80 80
74 81 42
74 82 80
74 83 24
74 87 58
74 88 80
74 92 41
74 96 55
75 1 61
75 8 44
75 9 67
75 10 74
75 11 38
75 12 54
75 14 34
75 16 33
75 18 73
75 19 50
75 20 38
75 21 27
75 24 24
75 26 40
75 29 73
75 32 72
75 34 73
75 35 68
75 36 52
75 38 21
75 39 35
75 40 58
75 41 53
75 42 25
75 44 64
75 45 24
75 48 67
75 49 62
75 50 51
75 51 26
75 52 44
75 53 76
75 54 20
75 56 65
75 58 72
75 60 23
75 61 35
75 62 46
75 66 76
75 67 58
75 68 79
75 69 40
75 70 64
75 71 30
75 83 57
75 85 70
75 88 27
75 90 42
75 91 79
75 92 80
75 93 33
75 94 54
75 95 46
75 99 37
76 2 37
76 3 31
76 4 28
76 7 54
76 12 75
76 14 51
76 15 64
76 21 25
76 22 26
76 25 52
76 26 66
76 27 35
76 31 53
76 32 36
76 34 80
76 38 68
76 40 64
76 41 62
76 47 69
76 49 56
76 53 72
76 54 77
76 61 27
76 64 63
76 65 78
76 67 55
76 68 32
76 69 23
76 74 26
76 77 24
76 79 21
76 82 58
76 93 44
76 97 44
77 1 49
77 2 68
77 6 73
77 7 74
77 9 67
77 10 46
77 12 65
77 13 47
77 15 43
77 16 66
77 17 40
77 18 80
77 19 40
77 22 35
77 24 38
77 25 73
77 26 43
77 27 43
77 28 62
77 29 65
77 30 61
77 31 51
77 36 78
77 37 56
77 39 30
77 45 53
77 46 67
77 49 63
77 50 63
77 52 54
77 53 66
77 54 22
77 55 72
77 61 22
77 62 71
77 63 66
77 64 53
77 65 39
77 71 56
77 72 33
77 73 54
77 76 24
77 79 20
77 83 20
77 84 22
77 85 52
77 87 45
77 89 48
77 90 45
77 91 50
77 94 59
77 95 62
77 96 76
77 97 61
77 98 46
78 2 21
78 5 34
78 8 38
78 10 52
78 11 31
78 12 23
78 17 51
78 19 45
78 20 48
78 21 67
78 23 32
78 25 76
78 26 45
78 27 20
78 29 71
78 31 33
78 32 77
78 33 40
78 36 41
78 37 39
78 39 47
78 42 45
78 44 43
78 45 47
78 46 65
78 47 80
78 49 24
78 50 31
78 53 22
78 56 28
78 57 44
78 58 24
78 60 23
78 61 69
78 62 67
78 63 44
78 65 59
78 70 48
78 72 23
78 79 68
78 80 72
78 82 60
78 85 64
78 86 67
78 87 29
78 89 54
78 90 76
78 91 63
78 92 22
78 93 69
78 96 75
79 1 46
79 2 32
79 3 72
79 5 75
79 8 54
79 9 65
79 10 39
79 14 59
79 15 24
79 18 45
79 19 78
79 20 66
79 22 65
79 24 34
79 26 61
79 29 58
79 30 32
79 32 37
79 33 48
79 36 29
79 37 45
79 39 37
79 40 25
79 41 31
79 42 63
79 45 39
79 46 59
79 48 54
79 49 79
79 55 44
79 58 43
79 60 20
79 61 31
79 62 79
79 63 31
79 67 34
79 68 34
79 70 80
79 71 26
79 76 21
79 77 20
79 78 68
79 81 66
79 83 43
79 86 25
79 88 79
79 89 20
79 90 55
79 91 25
79 92 66
79 93 62
79 94 29
79 95 30
79 96 53
80 1 44
80 2 80
80 4 45
80 5 70
80 8 21
80 9 50
80 11 57
80 16 68
80 19 30
80 20 65
80 24 54
80 25 74
80 26 62
80 27 37
80 30 24
80 31 28
80 32 63
80 34 71
80 44 23
80 48 44
80 49 67
80 50 28
80 54 25
80 59 35
80 63 54
80 65 20
80 68 60
80 69 52
80 70 80
80 72 32
80 74 80
80 78 72
80 81 26
80 82 33
80 83 61
80 85 49
80 89 77
80 91 34
80 93 27
80 99 73
81 2 52
81 3 21
81 4 28
81 5 58
81 8 26
81 10 22
81 11 58
81 12 80
81 14 78
81 15 36
81 16 49
81 18 39
81 19 43
81 21 32
81 23 73
81 25 50
81 26 47
81 30 63
81 32 48
81 33 40
81 34 38
81 35 45
81 36 37
81 38 25
81 39 76
81 45 54
81 50 67
81 51 71
81 52 69
81 54 72
81 57 49
81 64 52
81 65 70
81 66 59
81 67 53
81 68 79
81 70 44
81 73 68
81 74 42
81 79 66
81 80 26
81 83 65
81 85 68
81 86 58
81 88 37
81 89 50
81 90 26
81 91 56
81 92 47
81 95 58
81 96 21
82 1 75
82 2 78
82 4 79
82 5 70
82 9 30
82 10 43
82 11 74
82 13 35
82 15 36
82 17 40
82 18 29
82 19 29
82 20 29
82 21 38
82 23 69
82 26 57
82 27 62
82 28 44
82 29 34
82 33 68
82 34 51
82 35 77
82 39 76
82 40 79
82 42 59
82 43 68
82 44 20
82 45 30
82 46 49
82 50 74
82 51 21
82 53 57
82 56 67
82 58 64
82 59 42
82 60 20
82 61 80
82 65 78
82 66 70
82 68 64
82 69 21
82 70 20
82 71 41
82 72 75
82 74 80
82 76 58
82 78 60
82 80 33
82 84 49
82 86 35
82 87 59
82 91 48
82 92 61
82 93 28
82 94 65
82 98 65
83 1 44
83 3 63
83 5 22
83 6 37
83 8 57
83 11 70
83 17 27
83 20 71
83 25 35
83 30 34
83 33 38
83 34 51
83 35 24
83 36 77
83 37 78
83 39 76
83 42 51
83 45 41
83 46 50
83 47 54
83 49 35
83 50 49
83 51 66
83 52 41
83 54 71
83 55 53
83 60 43
83 61 20
83 66 53
83 68 71
83 69 65
83 72 26
83 73 37
83 74 24
83 75 57
83 77 20
83 79 43
83 80 61
83 81 65
83 85 78
83 87 35
83 88 60
83 89 57
83 92 48
83 95 29
83 96 39
83 97 49
84 4 54
84 8 39
84 9 22
84 10 76
84 11 63
84 12 67
84 14 75
84 15 54
84 18 80
84 19 63
84 23 26
84 25 23
84 26 44
84 28 75
84 30 43
84 33 49
84 35 66
84 38 27
84 40 41
84 41 69
84 46 35
84 47 31
84 48 78
84 52 30
84 53 39
84 57 35
84 59 40
84 60 71
84 61 39
84 62 44
84 63 63
84 64 58
84 66 58
84 72 67
84 73 41
84 77 22
84 82 49
84 85 56
84 86 63
84 87 56
84 89 67
84 90 20
84 91 79
84 92 63
84 93 33
84 95 42
84 96 69
84 98 51
85 1 42
85 2 65
85 3 44
85 5 53
85 6 41
85 7 39
85 8 62
85 10 35
85 12 25
85 14 62
85 15 80
85 16 43
85 17 32
85 19 23
85 20 47
85 21 41
85 24 20
85 25 48
85 28 36
85 31 72
85 34 25
85 35 52
85 36 60
85 38 26
85 39 45
85 40 39
85 46 73
85 47 74
85 48 70
85 49 66
85 51 50
85 52 27
85 53 42
85 57 47
85 58 80
85 59 36
85 60 67
85 61 78
85 62 69
85 63 60
85 64 45
85 65 27
85 66 37
85 67 25
85 70 39
85 72 67
85 73 30
85 75 70
85 77 52
85 78 64
85 80 49
85 81 68
85 83 78
85 84 56
85 86 69
85 87 79
85 88 73
85 93 35
85 94 20
85 95 24
85 96 67
85 98 50
86 4 62
86 5 78
86 8 26
86 10 55
86 15 69
86 16 68
86 19 46
86 20 66
86 22 47
86 23 67
86 25 36
86 27 24
86 29 71
86 30 54
86 32 77
86 34 75
86 36 69
86 39 80
86 40 52
86 41 44
86 42 78
86 43 76
86 44 46
86 45 51
86 46 60
86 48 65
86 51 28
86 54 35
86 59 64
86 61 78
86 62 32
86 65 55
86 66 44
86 68 33
86 70 43
86 71 45
86 73 42
86 78 67
86 79 25
86 81 58
86 82 35
86 84 63
86 85 69
86 89 65
86 94 63
86 95 52
86 97 50
86 98 64
86 99 50
87 2 38
87 4 52
87 5 73
87 6 52
87 7 61
87 8 39
87 9 49
87 13 50
87 15 27
87 16 61
87 21 32
87 22 59
87 25 70
87 26 28
87 29 44
87 31 64
87 34 42
87 37 72
87 38 31
87 42 54
87 43 20
87 44 72
87 49 29
87 50 21
87 52 43
87 54 25
87 56 74
87 58 60
87 59 71
87 61 42
87 62 43
87 63 60
87 64 21
87 65 28
87 67 65
87 69 39
87 71 55
87 73 21
87 74 58
87 77 45
87 78 29
87 82 59
87 83 35
87 84 56
87 85 79
87 91 51
87 96 32
87 99 39
88 2 69
88 5 33
88 6 47
88 7 35
88 9 77
88 12 62
88 19 52
88 21 38
88 23 73
88 25 50
88 30 80
88 33 47
88 35 68
88 36 48
88 38 64
88 40 75
88 41 54
88 44 34
88 45 63
88 48 57
88 50 64
88 51 75
88 52 31
88 57 58
88 59 73
88 60 66
88 62 79
88 66 67
88 68 41
88 69 54
88 70 40
88 71 60
88 74 80
88 75 27
88 79 79
88 81 37
88 83 60
88 85 73
88 91 76
88 95 34
88 96 23
89 1 74
89 2 39
89 3 78
89 4 32
89 5 24
89 7 49
89 10 79
89 15 76
89 18 71
89 19 35
89 20 32
89 21 27
89 22 78
89 23 49
89 24 56
89 26 20
89 27 66
89 28 35
89 29 77
89 30 28
89 31 69
89 32 80
89 33 45
89 35 29
89 36 40
89 37 56
89 38 46
89 39 46
89 41 62
89 48 20
89 49 58
89 50 24
89 52 55
89 53 60
89 54 39
89 55 40
89 56 65
89 58 36
89 59 36
89 61 51
89 65 58
89 66 46
89 68 24
89 71 70
89 77 48
89 78 54
89 79 20
89 80 77
89 81 50
89 83 57
89 84 67
89 86 65
89 90 41
89 97 60
89 98 20
89 99 34
90 1 70
90 4 38
90 5 59
90 7 55
90 9 38
90 10 44
90 11 80
90 12 36
90 13 31
90 14 41
90 15 37
90 18 74
90 19 52
90 20 46
90 21 20
90 23 72
90 24 20
90 25 58
90 26 72
90 28 40
90 29 44
90 31 25
90 32 67
90 33 61
90 34 40
90 36 36
90 37 53
90 40 54
90 42 20
90 43 22
90 46 23
90 50 24
90 51 31
90 53 28
90 55 69
90 56 53
90 57 24
90 60 59
90 67 37
90 70 54
90 71 66
90 73 55
90 75 42
90 77 45
90 78 76
90 79 55
90 81 26
90 84 20
90 89 41
90 91 52
90 93 68
90 94 76
90 96 44
90 98 79
91 1 71
91 4 32
91 5 47
91 7 28
91 9 30
91 10 21
91 15 66
91 16 78
91 17 41
91 21 61
91 24 22
91 25 51
91 26 25
91 27 49
91 28 80
91 29 55
91 33 59
91 35 79
91 36 20
91 37 65
91 39 75
91 40 71
91 42 65
91 47 51
91 49 23
91 50 45
91 54 66
91 55 40
91 56 37
91 58 75
91 61 36
91 63 54
91 64 68
91 66 32
91 67 78
91 71 24
91 72 58
91 75 79
91 77 50
91 78 63
91 79 25
91 80 34
91 81 56
91 82 48
91 84 79
91 87 51
91 88 76
91 90 52
91 92 43
91 94 20
91 95 58
91 96 62
91 97 62
91 98 58
91 99 21
92 2 21
92 4 37
92 6 76
92 7 36
92 11 35
92 12 71
92 13 26
92 14 44
92 15 41
92 19 35
92 20 22
92 22 55
92 23 79
92 24 49
92 25 44
92 28 54
92 29 48
92 30 22
92 31 47
92 35 55
92 36 60
92 37 27
92 39 31
92 41 48
92 43 45
92 48 54
92 49 56
92 50 55
92 51 68
92 52 54
92 53 27
92 54 68
92 56 28
92 57 40
92 58 32
92 60 49
92 62 23
92 64 75
92 65 53
92 68 66
92 69 57
92 70 63
92 71 45
92 74 41
92 75 80
92 78 22
92 79 66
92 81 47
92 82 61
92 83 48
92 84 63
92 91 43
92 93 31
92 94 49
92 95 64
92 96 60
93 3 33
93 10 79
93 11 37
93 15 27
93 16 69
93 18 29
93 19 58
93 20 37
93 23 25
93 29 34
93 32 29
93 35 63
93 37 75
93 38 63
93 39 78
93 41 32
93 43 48
93 44 38
93 45 51
93 46 33
93 47 45
93 49 79
93 51 68
93 52 38
93 53 63
93 54 46
93 57 80
93 59 22
93 60 20
93 61 33
93 62 36
93 65 33
93 67 24
93 69 71
93 71 48
93 72 57
93 75 33
93 76 44
93 78 69
93 79 62
93 80 27
93 82 28
93 84 33
93 85 35
93 90 68
93 92 31
93 94 68
93 96 39
94 1 78
94 2 34
94 4 20
94 5 55
94 7 37
94 9 65
94 11 28
94 12 20
94 13 53
94 14 36
94 16 28
94 17 51
94 18 30
94 19 53
94 22 80
94 23 32
94 26 28
94 27 22
94 28 74
94 33 69
94 35 59
94 37 44
94 38 61
94 39 74
94 42 30
94 44 74
94 47 22
94 48 45
94 49 39
94 50 60
94 51 67
94 54 74
94 56 52
94 60 59
94 62 63
94 63 80
94 64 38
94 65 79
94 66 29
94 72 36
94 73 34
94 75 54
94 77 59
94 79 29
94 82 65
94 85 20
94 86 63
94 90 76
94 91 20
94 92 49
94 93 68
94 95 46
94 98 64
95 1 41
95 4 26
95 9 47
95 10 51
95 12 32
95 14 77
95 15 20
95 16 68
95 17 31
95 19 39
95 20 39
95 22 39
95 26 61
95 30 24
95 33 71
95 34 73
95 35 70
95 36 38
95 37 30
95 39 70
95 40 59
95 43 61
95 44 36
95 45 58
95 46 30
95 47 60
95 48 45
95 50 75
95 51 58
95 52 76
95 53 79
95 56 55
95 57 44
95 58 75
95 60 51
95 62 77
95 63 39
95 64 75
95 67 63
95 70 64
95 71 52
95 72 70
95 75 46
95 77 62
95 79 30
95 81 58
95 83 29
95 84 42
95 85 24
95 86 52
95 88 34
95 91 58
95 92 64
95 94 46
95 98 67
95 99 69
96 2 75
96 4 48
96 5 78
96 11 35
96 14 33
96 15 26
96 20 73
96 21 35
96 23 35
96 24 39
96 29 41
96 30 28
96 31 43
96 33 71
96 35 60
96 36 35
96 37 63
96 38 73
96 39 52
96 41 41
96 44 68
96 45 53
96 48 40
96 49 75
96 53 75
96 54 29
96 57 54
96 58 28
96 59 55
96 60 70
96 62 21
96 64 29
96 67 48
96 68 26
96 69 22
96 73 25
96 74 55
96 77 76
96 78 75
96 79 53
96 81 21
96 83 39
96 84 69
96 85 67
96 87 32
96 88 23
96 90 44
96 91 62
96 92 60
96 93 39
96 97 75
96 98 31
97 2 37
97 4 45
97 5 40
97 6 73
97 11 47
97 12 34
97 13 41
97 16 39
97 18 43
97 20 24
97 21 40
97 22 22
97 25 46
97 30 26
97 31 46
97 33 64
97 36 69
97 37 62
97 39 39
97 40 78
97 41 74
97 42 25
97 43 55
97 44 38
97 46 74
97 47 64
97 49 26
97 50 21
97 54 60
97 55 79
97 57 56
97 59 66
97 60 77
97 64 40
97 65 31
97 66 66
97 69 60
97 70 34
97 71 57
97 76 44
97 77 61
97 83 49
97 86 50
97 89 60
97 91 62
97 96 75
97 98 75
97 99 76
98 1 31
98 2 29
98 9 75
98 12 75
98 15 61
98 17 57
98 18 48
98 19 64
98 24 26
98 26 33
98 28 25
98 29 21
98 30 20
98 37 49
98 38 46
98 39 80
98 41 38
98 42 56
98 44 37
98 51 34
98 52 32
98 53 76
98 55 72
98 59 56
98 61 67
98 62 25
98 63 69
98 66 26
98 67 44
98 71 49
98 72 51
98 77 46
98 82 65
98 84 51
98 85 50
98 86 64
98 89 20
98 90 79
98 91 58
98 94 64
98 95 67
98 96 31
98 97 75
2 t 72
3 t 66
5 t 69
6 t 46
8 t 80
10 t 27
11 t 24
12 t 46
14 t 74
15 t 23
17 t 44
18 t 38
19 t 43
20 t 59
22 t 37
23 t 29
24 t 40
28 t 74
30 t 49
33 t 52
34 t 63
37 t 79
39 t 23
42 t 57
44 t 52
45 t 57
47 t 22
49 t 21
52 t 40
53 t 64
54 t 49
55 t 38
56 t 29
58 t 68
62 t 74
65 t 54
67 t 26
68 t 22
70 t 69
71 t 70
72 t 47
75 t 37
80 t 73
86 t 50
87 t 39
89 t 34
91 t 21
95 t 69
97 t 76
