s (1,1) 43
s (2,1) 9
s (3,1) 38
s (4,1) 28
s (5,1) 13
s (6,1) 4
s (7,1) 13
s (8,1) 25
s (9,1) 28
s (10,1) 19
s (11,1) 50
s (12,1) 46
s (13,1) 14
s (14,1) 46
s (15,1) 9
s (16,1) 29
s (17,1) 49
s (18,1) 22
s (19,1) 12
s (20,1) 16
s (21,1) 20
s (22,1) 44
s (23,1) 19
s (24,1) 9
s (25,1) 10
s (26,1) 37
s (27,1) 28
s (28,1) 33
s (29,1) 23
s (30,1) 45
s (31,1) 21
s (32,1) 31
s (33,1) 2
s (34,1) 24
s (35,1) 19
s (36,1) 21
s (37,1) 43
s (38,1) 32
s (39,1) 39
s (40,1) 4
(1,1) (1,2) 29
(2,1) (2,2) 6
(3,1) (3,2) 9
(4,1) (4,2) 13
(5,1) (5,2) 12
(6,1) (6,2) 27
(7,1) (7,2) 48
(8,1) (8,2) 12
(9,1) (9,2) 44
(10,1) (10,2) 5
(11,1) (11,2) 31
(12,1) (12,2) 19
(13,1) (13,2) 31
(14,1) (14,2) 37
(15,1) (15,2) 11
(16,1) (16,2) 7
(17,1) (17,2) 12
(18,1) (18,2) 25
(19,1) (19,2) 47
(20,1) (20,2) 3
(21,1) (21,2) 14
(22,1) (22,2) 28
(23,1) (23,2) 15
(24,1) (24,2) 23
(25,1) (25,2) 1
(26,1) (26,2) 31
(27,1) (27,2) 2
(28,1) (28,2) 12
(29,1) (29,2) 38
(30,1) (30,2) 5
(31,1) (31,2) 44
(32,1) (32,2) 32
(33,1) (33,2) 38
(34,1) (34,2) 14
(35,1) (35,2) 34
(36,1) (36,2) 25
(37,1) (37,2) 14
(38,1) (38,2) 8
(39,1) (39,2) 31
(40,1) (40,2) 48
(1,2) (1,3) 21
(2,2) (2,3) 31
(3,2) (3,3) 26
(4,2) (4,3) 20
(5,2) (5,3) 1
(6,2) (6,3) 5
(7,2) (7,3) 1
(8,2) (8,3) 1
(9,2) (9,3) 46
(10,2) (10,3) 46
(11,2) (11,3) 7
(12,2) (12,3) 29
(13,2) (13,3) 14
(14,2) (14,3) 4
(15,2) (15,3) 37
(16,2) (16,3) 11
(17,2) (17,3) 1
(18,2) (18,3) 32
(19,2) (19,3) 18
(20,2) (20,3) 34
(21,2) (21,3) 23
(22,2) (22,3) 12
(23,2) (23,3) 36
(24,2) (24,3) 7
(25,2) (25,3) 48
(26,2) (26,3) 45
(27,2) (27,3) 14
(28,2) (28,3) 25
(29,2) (29,3) 19
(30,2) (30,3) 37
(31,2) (31,3) 9
(32,2) (32,3) 4
(33,2) (33,3) 21
(34,2) (34,3) 6
(35,2) (35,3) 42
(36,2) (36,3) 41
(37,2) (37,3) 21
(38,2) (38,3) 44
(39,2) (39,3) 49
(40,2) (40,3) 50
(1,3) (1,4) 38
(2,3) (2,4) 38
(3,3) (3,4) 7
(4,3) (4,4) 20
(5,3) (5,4) 17
(6,3) (6,4) 18
(7,3) (7,4) 45
(8,3) (8,4) 38
(9,3) (9,4) 4
(10,3) (10,4) 31
(11,3) (11,4) 38
(12,3) (12,4) 18
(13,3) (13,4) 29
(14,3) (14,4) 39
(15,3) (15,4) 20
(16,3) (16,4) 48
(17,3) (17,4) 43
(18,3) (18,4) 41
(19,3) (19,4) 47
(20,3) (20,4) 28
(21,3) (21,4) 30
(22,3) (22,4) 19
(23,3) (23,4) 13
(24,3) (24,4) 43
(25,3) (25,4) 35
(26,3) (26,4) 4
(27,3) (27,4) 34
(28,3) (28,4) 48
(29,3) (29,4) 31
(30,3) (30,4) 10
(31,3) (31,4) 4
(32,3) (32,4) 12
(33,3) (33,4) 12
(34,3) (34,4) 7
(35,3) (35,4) 33
(36,3) (36,4) 45
(37,3) (37,4) 42
(38,3) (38,4) 29
(39,3) (39,4) 38
(40,3) (40,4) 42
(1,4) (1,5) 1
(2,4) (2,5) 26
(3,4) (3,5) 11
(4,4) (4,5) 3
(5,4) (5,5) 17
(6,4) (6,5) 20
(7,4) (7,5) 30
(8,4) (8,5) 23
(9,4) (9,5) 13
(10,4) (10,5) 43
(11,4) (11,5) 19
(12,4) (12,5) 21
(13,4) (13,5) 4
(14,4) (14,5) 17
(15,4) (15,5) 3
(16,4) (16,5) 48
(17,4) (17,5) 29
(18,4) (18,5) 13
(19,4) (19,5) 1
(20,4) (20,5) 17
(21,4) (21,5) 23
(22,4) (22,5) 48
(23,4) (23,5) 36
(24,4) (24,5) 9
(25,4) (25,5) 6
(26,4) (26,5) 46
(27,4) (27,5) 31
(28,4) (28,5) 25
(29,4) (29,5) 22
(30,4) (30,5) 6
(31,4) (31,5) 22
(32,4) (32,5) 45
(33,4) (33,5) 46
(34,4) (34,5) 27
(35,4) (35,5) 23
(36,4) (36,5) 29
(37,4) (37,5) 27
(38,4) (38,5) 26
(39,4) (39,5) 40
(40,4) (40,5) 25
(1,5) (1,6) 29
(2,5) (2,6) 41
(3,5) (3,6) 37
(4,5) (4,6) 38
(5,5) (5,6) 11
(6,5) (6,6) 44
(7,5) (7,6) 10
(8,5) (8,6) 27
(9,5) (9,6) 45
(10,5) (10,6) 11
(11,5) (11,6) 30
(12,5) (12,6) 15
(13,5) (13,6) 10
(14,5) (14,6) 43
(15,5) (15,6) 35
(16,5) (16,6) 50
(17,5) (17,6) 49
(18,5) (18,6) 35
(19,5) (19,6) 17
(20,5) (20,6) 2
(21,5) (21,6) 9
(22,5) (22,6) 25
(23,5) (23,6) 45
(24,5) (24,6) 50
(25,5) (25,6) 37
(26,5) (26,6) 10
(27,5) (27,6) 3
(28,5) (28,6) 6
(29,5) (29,6) 7
(30,5) (30,6) 36
(31,5) (31,6) 38
(32,5) (32,6) 39
(33,5) (33,6) 5
(34,5) (34,6) 20
(35,5) (35,6) 49
(36,5) (36,6) 9
(37,5) (37,6) 13
(38,5) (38,6) 11
(39,5) (39,6) 40
(40,5) (40,6) 50
(1,6) (1,7) 39
(2,6) (2,7) 1
(3,6) (3,7) 4
(4,6) (4,7) 39
(5,6) (5,7) 14
(6,6) (6,7) 40
(7,6) (7,7) 4
(8,6) (8,7) 28
(9,6) (9,7) 27
(10,6) (10,7) 35
(11,6) (11,7) 26
(12,6) (12,7) 18
(13,6) (13,7) 8
(14,6) (14,7) 31
(15,6) (15,7) 13
(16,6) (16,7) 12
(17,6) (17,7) 21
(18,6) (18,7) 31
(19,6) (19,7) 30
(20,6) (20,7) 45
(21,6) (21,7) 20
(22,6) (22,7) 13
(23,6) (23,7) 16
(24,6) (24,7) 21
(25,6) (25,7) 25
(26,6) (26,7) 11
(27,6) (27,7) 22
(28,6) (28,7) 32
(29,6) (29,7) 49
(30,6) (30,7) 33
(31,6) (31,7) 13
(32,6) (32,7) 26
(33,6) (33,7) 43
(34,6) (34,7) 39
(35,6) (35,7) 41
(36,6) (36,7) 18
(37,6) (37,7) 19
(38,6) (38,7) 12
(39,6) (39,7) 28
(40,6) (40,7) 17
(1,7) (1,8) 44
(2,7) (2,8) 43
(3,7) (3,8) 22
(4,7) (4,8) 16
(5,7) (5,8) 34
(6,7) (6,8) 8
(7,7) (7,8) 34
(8,7) (8,8) 17
(9,7) (9,8) 50
(10,7) (10,8) 11
(11,7) (11,8) 3
(12,7) (12,8) 10
(13,7) (13,8) 2
(14,7) (14,8) 21
(15,7) (15,8) 47
(16,7) (16,8) 29
(17,7) (17,8) 34
(18,7) (18,8) 14
(19,7) (19,8) 45
(20,7) (20,8) 50
(21,7) (21,8) 26
(22,7) (22,8) 49
(23,7) (23,8) 18
(24,7) (24,8) 35
(25,7) (25,8) 42
(26,7) (26,8) 40
(27,7) (27,8) 32
(28,7) (28,8) 14
(29,7) (29,8) 43
(30,7) (30,8) 34
(31,7) (31,8) 27
(32,7) (32,8) 41
(33,7) (33,8) 47
(34,7) (34,8) 7
(35,7) (35,8) 7
(36,7) (36,8) 39
(37,7) (37,8) 45
(38,7) (38,8) 23
(39,7) (39,8) 12
(40,7) (40,8) 7
(1,8) (1,9) 14
(2,8) (2,9) 4
(3,8) (3,9) 7
(4,8) (4,9) 14
(5,8) (5,9) 15
(6,8) (6,9) 19
(7,8) (7,9) 5
(8,8) (8,9) 29
(9,8) (9,9) 6
(10,8) (10,9) 48
(11,8) (11,9) 30
(12,8) (12,9) 10
(13,8) (13,9) 37
(14,8) (14,9) 44
(15,8) (15,9) 13
(16,8) (16,9) 35
(17,8) (17,9) 3
(18,8) (18,9) 48
(19,8) (19,9) 50
(20,8) (20,9) 11
(21,8) (21,9) 35
(22,8) (22,9) 19
(23,8) (23,9) 42
(24,8) (24,9) 45
(25,8) (25,9) 8
(26,8) (26,9) 1
(27,8) (27,9) 9
(28,8) (28,9) 27
(29,8) (29,9) 42
(30,8) (30,9) 8
(31,8) (31,9) 22
(32,8) (32,9) 32
(33,8) (33,9) 39
(34,8) (34,9) 35
(35,8) (35,9) 40
(36,8) (36,9) 48
(37,8) (37,9) 15
(38,8) (38,9) 26
(39,8) (39,9) 30
(40,8) (40,9) 40
(1,9) (1,10) 47
(2,9) (2,10) 14
(3,9) (3,10) 30
(4,9) (4,10) 7
(5,9) (5,10) 29
(6,9) (6,10) 13
(7,9) (7,10) 23
(8,9) (8,10) 49
(9,9) (9,10) 50
(10,9) (10,10) 42
(11,9) (11,10) 36
(12,9) (12,10) 15
(13,9) (13,10) 26
(14,9) (14,10) 46
(15,9) (15,10) 1
(16,9) (16,10) 47
(17,9) (17,10) 14
(18,9) (18,10) 41
(19,9) (19,10) 50
(20,9) (20,10) 46
(21,9) (21,10) 8
(22,9) (22,10) 20
(23,9) (23,10) 34
(24,9) (24,10) 15
(25,9) (25,10) 46
(26,9) (26,10) 41
(27,9) (27,10) 37
(28,9) (28,10) 26
(29,9) (29,10) 31
(30,9) (30,10) 47
(31,9) (31,10) 50
(32,9) (32,10) 1
(33,9) (33,10) 34
(34,9) (34,10) 30
(35,9) (35,10) 12
(36,9) (36,10) 43
(37,9) (37,10) 30
(38,9) (38,10) 21
(39,9) (39,10) 39
(40,9) (40,10) 33
(1,10) (1,11) 5
(2,10) (2,11) 14
(3,10) (3,11) 39
(4,10) (4,11) 19
(5,10) (5,11) 17
(6,10) (6,11) 6
(7,10) (7,11) 22
(8,10) (8,11) 30
(9,10) (9,11) 11
(10,10) (10,11) 46
(11,10) (11,11) 23
(12,10) (12,11) 6
(13,10) (13,11) 9
(14,10) (14,11) 14
(15,10) (15,11) 14
(16,10) (16,11) 3
(17,10) (17,11) 15
(18,10) (18,11) 24
(19,10) (19,11) 3
(20,10) (20,11) 19
(21,10) (21,11) 28
(22,10) (22,11) 18
(23,10) (23,11) 25
(24,10) (24,11) 42
(25,10) (25,11) 15
(26,10) (26,11) 50
(27,10) (27,11) 49
(28,10) (28,11) 32
(29,10) (29,11) 10
(30,10) (30,11) 25
(31,10) (31,11) 35
(32,10) (32,11) 35
(33,10) (33,11) 16
(34,10) (34,11) 28
(35,10) (35,11) 31
(36,10) (36,11) 26
(37,10) (37,11) 16
(38,10) (38,11) 46
(39,10) (39,11) 44
(40,10) (40,11) 16
(1,11) (1,12) 29
(2,11) (2,12) 13
(3,11) (3,12) 46
(4,11) (4,12) 31
(5,11) (5,12) 22
(6,11) (6,12) 11
(7,11) (7,12) 18
(8,11) (8,12) 12
(9,11) (9,12) 40
(10,11) (10,12) 41
(11,11) (11,12) 49
(12,11) (12,12) 25
(13,11) (13,12) 7
(14,11) (14,12) 21
(15,11) (15,12) 6
(16,11) (16,12) 17
(17,11) (17,12) 4
(18,11) (18,12) 24
(19,11) (19,12) 14
(20,11) (20,12) 26
(21,11) (21,12) 18
(22,11) (22,12) 29
(23,11) (23,12) 47
(24,11) (24,12) 12
(25,11) (25,12) 49
(26,11) (26,12) 6
(27,11) (27,12) 35
(28,11) (28,12) 35
(29,11) (29,12) 4
(30,11) (30,12) 15
(31,11) (31,12) 37
(32,11) (32,12) 43
(33,11) (33,12) 28
(34,11) (34,12) 31
(35,11) (35,12) 12
(36,11) (36,12) 9
(37,11) (37,12) 38
(38,11) (38,12) 49
(39,11) (39,12) 20
(40,11) (40,12) 10
(1,12) (1,13) 22
(2,12) (2,13) 21
(3,12) (3,13) 28
(4,12) (4,13) 11
(5,12) (5,13) 30
(6,12) (6,13) 9
(7,12) (7,13) 27
(8,12) (8,13) 25
(9,12) (9,13) 11
(10,12) (10,13) 12
(11,12) (11,13) 30
(12,12) (12,13) 49
(13,12) (13,13) 14
(14,12) (14,13) 48
(15,12) (15,13) 6
(16,12) (16,13) 15
(17,12) (17,13) 29
(18,12) (18,13) 34
(19,12) (19,13) 14
(20,12) (20,13) 19
(21,12) (21,13) 20
(22,12) (22,13) 25
(23,12) (23,13) 2
(24,12) (24,13) 50
(25,12) (25,13) 46
(26,12) (26,13) 37
(27,12) (27,13) 14
(28,12) (28,13) 35
(29,12) (29,13) 49
(30,12) (30,13) 26
(31,12) (31,13) 45
(32,12) (32,13) 4
(33,12) (33,13) 47
(34,12) (34,13) 40
(35,12) (35,13) 34
(36,12) (36,13) 19
(37,12) (37,13) 22
(38,12) (38,13) 15
(39,12) (39,13) 50
(40,12) (40,13) 36
(1,13) (1,14) 33
(2,13) (2,14) 43
(3,13) (3,14) 1
(4,13) (4,14) 5
(5,13) (5,14) 4
(6,13) (6,14) 14
(7,13) (7,14) 24
(8,13) (8,14) 13
(9,13) (9,14) 22
(10,13) (10,14) 1
(11,13) (11,14) 43
(12,13) (12,14) 46
(13,13) (13,14) 12
(14,13) (14,14) 49
(15,13) (15,14) 2
(16,13) (16,14) 40
(17,13) (17,14) 8
(18,13) (18,14) 47
(19,13) (19,14) 45
(20,13) (20,14) 6
(21,13) (21,14) 34
(22,13) (22,14) 11
(23,13) (23,14) 15
(24,13) (24,14) 23
(25,13) (25,14) 9
(26,13) (26,14) 10
(27,13) (27,14) 4
(28,13) (28,14) 12
(29,13) (29,14) 12
(30,13) (30,14) 4
(31,13) (31,14) 43
(32,13) (32,14) 24
(33,13) (33,14) 23
(34,13) (34,14) 14
(35,13) (35,14) 34
(36,13) (36,14) 11
(37,13) (37,14) 18
(38,13) (38,14) 40
(39,13) (39,14) 7
(40,13) (40,14) 41
(1,14) (1,15) 50
(2,14) (2,15) 21
(3,14) (3,15) 27
(4,14) (4,15) 20
(5,14) (5,15) 47
(6,14) (6,15) 5
(7,14) (7,15) 18
(8,14) (8,15) 45
(9,14) (9,15) 48
(10,14) (10,15) 17
(11,14) (11,15) 32
(12,14) (12,15) 29
(13,14) (13,15) 2
(14,14) (14,15) 21
(15,14) (15,15) 6
(16,14) (16,15) 25
(17,14) (17,15) 29
(18,14) (18,15) 41
(19,14) (19,15) 3
(20,14) (20,15) 19
(21,14) (21,15) 8
(22,14) (22,15) 15
(23,14) (23,15) 22
(24,14) (24,15) 30
(25,14) (25,15) 28
(26,14) (26,15) 37
(27,14) (27,15) 20
(28,14) (28,15) 7
(29,14) (29,15) 25
(30,14) (30,15) 18
(31,14) (31,15) 13
(32,14) (32,15) 34
(33,14) (33,15) 20
(34,14) (34,15) 8
(35,14) (35,15) 50
(36,14) (36,15) 17
(37,14) (37,15) 12
(38,14) (38,15) 7
(39,14) (39,15) 45
(40,14) (40,15) 49
(1,15) (1,16) 37
(2,15) (2,16) 47
(3,15) (3,16) 15
(4,15) (4,16) 10
(5,15) (5,16) 36
(6,15) (6,16) 50
(7,15) (7,16) 30
(8,15) (8,16) 26
(9,15) (9,16) 45
(10,15) (10,16) 5
(11,15) (11,16) 50
(12,15) (12,16) 16
(13,15) (13,16) 33
(14,15) (14,16) 7
(15,15) (15,16) 11
(16,15) (16,16) 3
(17,15) (17,16) 6
(18,15) (18,16) 32
(19,15) (19,16) 44
(20,15) (20,16) 4
(21,15) (21,16) 48
(22,15) (22,16) 33
(23,15) (23,16) 12
(24,15) (24,16) 47
(25,15) (25,16) 35
(26,15) (26,16) 6
(27,15) (27,16) 43
(28,15) (28,16) 8
(29,15) (29,16) 3
(30,15) (30,16) 46
(31,15) (31,16) 15
(32,15) (32,16) 43
(33,15) (33,16) 11
(34,15) (34,16) 8
(35,15) (35,16) 35
(36,15) (36,16) 49
(37,15) (37,16) 18
(38,15) (38,16) 20
(39,15) (39,16) 11
(40,15) (40,16) 46
(1,16) (1,17) 15
(2,16) (2,17) 20
(3,16) (3,17) 16
(4,16) (4,17) 30
(5,16) (5,17) 12
(6,16) (6,17) 29
(7,16) (7,17) 25
(8,16) (8,17) 17
(9,16) (9,17) 44
(10,16) (10,17) 23
(11,16) (11,17) 39
(12,16) (12,17) 39
(13,16) (13,17) 42
(14,16) (14,17) 9
(15,16) (15,17) 42
(16,16) (16,17) 43
(17,16) (17,17) 38
(18,16) (18,17) 28
(19,16) (19,17) 50
(20,16) (20,17) 44
(21,16) (21,17) 11
(22,16) (22,17) 22
(23,16) (23,17) 9
(24,16) (24,17) 9
(25,16) (25,17) 28
(26,16) (26,17) 5
(27,16) (27,17) 10
(28,16) (28,17) 40
(29,16) (29,17) 32
(30,16) (30,17) 36
(31,16) (31,17) 49
(32,16) (32,17) 24
(33,16) (33,17) 46
(34,16) (34,17) 8
(35,16) (35,17) 43
(36,16) (36,17) 5
(37,16) (37,17) 35
(38,16) (38,17) 47
(39,16) (39,17) 24
(40,16) (40,17) 2
(1,17) (1,18) 23
(2,17) (2,18) 5
(3,17) (3,18) 5
(4,17) (4,18) 42
(5,17) (5,18) 35
(6,17) (6,18) 16
(7,17) (7,18) 22
(8,17) (8,18) 27
(9,17) (9,18) 37
(10,17) (10,18) 30
(11,17) (11,18) 25
(12,17) (12,18) 18
(13,17) (13,18) 5
(14,17) (14,18) 25
(15,17) (15,18) 45
(16,17) (16,18) 14
(17,17) (17,18) 15
(18,17) (18,18) 34
(19,17) (19,18) 16
(20,17) (20,18) 12
(21,17) (21,18) 36
(22,17) (22,18) 47
(23,17) (23,18) 17
(24,17) (24,18) 3
(25,17) (25,18) 12
(26,17) (26,18) 42
(27,17) (27,18) 10
(28,17) (28,18) 3
(29,17) (29,18) 37
(30,17) (30,18) 11
(31,17) (31,18) 32
(32,17) (32,18) 17
(33,17) (33,18) 31
(34,17) (34,18) 44
(35,17) (35,18) 35
(36,17) (36,18) 39
(37,17) (37,18) 26
(38,17) (38,18) 17
(39,17) (39,18) 14
(40,17) (40,18) 2
(1,18) (1,19) 33
(2,18) (2,19) 10
(3,18) (3,19) 4
(4,18) (4,19) 6
(5,18) (5,19) 47
(6,18) (6,19) 26
(7,18) (7,19) 41
(8,18) (8,19) 20
(9,18) (9,19) 30
(10,18) (10,19) 50
(11,18) (11,19) 7
(12,18) (12,19) 16
(13,18) (13,19) 13
(14,18) (14,19) 32
(15,18) (15,19) 13
(16,18) (16,19) 31
(17,18) (17,19) 25
(18,18) (18,19) 37
(19,18) (19,19) 10
(20,18) (20,19) 21
(21,18) (21,19) 33
(22,18) (22,19) 8
(23,18) (23,19) 29
(24,18) (24,19) 34
(25,18) (25,19) 20
(26,18) (26,19) 36
(27,18) (27,19) 16
(28,18) (28,19) 35
(29,18) (29,19) 12
(30,18) (30,19) 27
(31,18) (31,19) 32
(32,18) (32,19) 14
(33,18) (33,19) 11
(34,18) (34,19) 26
(35,18) (35,19) 21
(36,18) (36,19) 2
(37,18) (37,19) 10
(38,18) (38,19) 16
(39,18) (39,19) 37
(40,18) (40,19) 35
(1,19) (1,20) 31
(2,19) (2,20) 41
(3,19) (3,20) 45
(4,19) (4,20) 31
(5,19) (5,20) 45
(6,19) (6,20) 33
(7,19) (7,20) 23
(8,19) (8,20) 36
(9,19) (9,20) 29
(10,19) (10,20) 31
(11,19) (11,20) 18
(12,19) (12,20) 22
(13,19) (13,20) 11
(14,19) (14,20) 12
(15,19) (15,20) 11
(16,19) (16,20) 10
(17,19) (17,20) 8
(18,19) (18,20) 32
(19,19) (19,20) 15
(20,19) (20,20) 9
(21,19) (21,20) 45
(22,19) (22,20) 47
(23,19) (23,20) 16
(24,19) (24,20) 16
(25,19) (25,20) 31
(26,19) (26,20) 4
(27,19) (27,20) 5
(28,19) (28,20) 38
(29,19) (29,20) 39
(30,19) (30,20) 10
(31,19) (31,20) 16
(32,19) (32,20) 16
(33,19) (33,20) 18
(34,19) (34,20) 13
(35,19) (35,20) 15
(36,19) (36,20) 45
(37,19) (37,20) 8
(38,19) (38,20) 15
(39,19) (39,20) 2
(40,19) (40,20) 11
(1,1) (2,1) 49
(2,1) (1,1) 49
(2,1) (3,1) 35
(3,1) (2,1) 49
(3,1) (4,1) 16
(4,1) (3,1) 28
(4,1) (5,1) 23
(5,1) (4,1) 18
(5,1) (6,1) 35
(6,1) (5,1) 14
(6,1) (7,1) 5
(7,1) (6,1) 14
(7,1) (8,1) 40
(8,1) (7,1) 24
(8,1) (9,1) 28
(9,1) (8,1) 30
(9,1) (10,1) 3
(10,1) (9,1) 15
(10,1) (11,1) 46
(11,1) (10,1) 18
(11,1) (12,1) 50
(12,1) (11,1) 49
(12,1) (13,1) 32
(13,1) (12,1) 43
(13,1) (14,1) 8
(14,1) (13,1) 30
(14,1) (15,1) 49
(15,1) (14,1) 40
(15,1) (16,1) 49
(16,1) (15,1) 14
(16,1) (17,1) 17
(17,1) (16,1) 34
(17,1) (18,1) 13
(18,1) (17,1) 17
(18,1) (19,1) 10
(19,1) (18,1) 10
(19,1) (20,1) 19
(20,1) (19,1) 20
(20,1) (21,1) 9
(21,1) (20,1) 19
(21,1) (22,1) 2
(22,1) (21,1) 41
(22,1) (23,1) 21
(23,1) (22,1) 32
(23,1) (24,1) 8
(24,1) (23,1) 35
(24,1) (25,1) 35
(25,1) (24,1) 26
(25,1) (26,1) 5
(26,1) (25,1) 29
(26,1) (27,1) 13
(27,1) (26,1) 22
(27,1) (28,1) 22
(28,1) (27,1) 4
(28,1) (29,1) 2
(29,1) (28,1) 39
(29,1) (30,1) 41
(30,1) (29,1) 23
(30,1) (31,1) 39
(31,1) (30,1) 50
(31,1) (32,1) 22
(32,1) (31,1) 27
(32,1) (33,1) 6
(33,1) (32,1) 33
(33,1) (34,1) 45
(34,1) (33,1) 44
(34,1) (35,1) 34
(35,1) (34,1) 35
(35,1) (36,1) 4
(36,1) (35,1) 49
(36,1) (37,1) 33
(37,1) (36,1) 2
(37,1) (38,1) 18
(38,1) (37,1) 13
(38,1) (39,1) 1
(39,1) (38,1) 21
(39,1) (40,1) 33
(40,1) (39,1) 47
(1,2) (2,2) 21
(2,2) (1,2) 43
(2,2) (3,2) 3
(3,2) (2,2) 41
(3,2) (4,2) 11
(4,2) (3,2) 9
(4,2) (5,2) 38
(5,2) (4,2) 4
(5,2) (6,2) 49
(6,2) (5,2) 31
(6,2) (7,2) 31
(7,2) (6,2) 34
(7,2) (8,2) 7
(8,2) (7,2) 37
(8,2) (9,2) 27
(9,2) (8,2) 32
(9,2) (10,2) 44
(10,2) (9,2) 1
(10,2) (11,2) 6
(11,2) (10,2) 28
(11,2) (12,2) 39
(12,2) (11,2) 45
(12,2) (13,2) 44
(13,2) (12,2) 31
(13,2) (14,2) 9
(14,2) (13,2) 46
(14,2) (15,2) 37
(15,2) (14,2) 28
(15,2) (16,2) 28
(16,2) (15,2) 32
(16,2) (17,2) 30
(17,2) (16,2) 38
(17,2) (18,2) 48
(18,2) (17,2) 35
(18,2) (19,2) 24
(19,2) (18,2) 46
(19,2) (20,2) 28
(20,2) (19,2) 29
(20,2) (21,2) 12
(21,2) (20,2) 28
(21,2) (22,2) 10
(22,2) (21,2) 35
(22,2) (23,2) 37
(23,2) (22,2) 44
(23,2) (24,2) 6
(24,2) (23,2) 23
(24,2) (25,2) 36
(25,2) (24,2) 36
(25,2) (26,2) 29
(26,2) (25,2) 41
(26,2) (27,2) 6
(27,2) (26,2) 16
(27,2) (28,2) 32
(28,2) (27,2) 7
(28,2) (29,2) 14
(29,2) (28,2) 5
(29,2) (30,2) 31
(30,2) (29,2) 14
(30,2) (31,2) 42
(31,2) (30,2) 20
(31,2) (32,2) 25
(32,2) (31,2) 12
(32,2) (33,2) 50
(33,2) (32,2) 12
(33,2) (34,2) 32
(34,2) (33,2) 43
(34,2) (35,2) 30
(35,2) (34,2) 2
(35,2) (36,2) 27
(36,2) (35,2) 13
(36,2) (37,2) 21
(37,2) (36,2) 11
(37,2) (38,2) 42
(38,2) (37,2) 49
(38,2) (39,2) 35
(39,2) (38,2) 33
(39,2) (40,2) 48
(40,2) (39,2) 49
(1,3) (2,3) 30
(2,3) (1,3) 42
(2,3) (3,3) 33
(3,3) (2,3) 29
(3,3) (4,3) 47
(4,3) (3,3) 20
(4,3) (5,3) 10
(5,3) (4,3) 4
(5,3) (6,3) 17
(6,3) (5,3) 28
(6,3) (7,3) 29
(7,3) (6,3) 19
(7,3) (8,3) 40
(8,3) (7,3) 15
(8,3) (9,3) 27
(9,3) (8,3) 27
(9,3) (10,3) 8
(10,3) (9,3) 16
(10,3) (11,3) 5
(11,3) (10,3) 22
(11,3) (12,3) 50
(12,3) (11,3) 8
(12,3) (13,3) 24
(13,3) (12,3) 34
(13,3) (14,3) 14
(14,3) (13,3) 41
(14,3) (15,3) 39
(15,3) (14,3) 11
(15,3) (16,3) 48
(16,3) (15,3) 33
(16,3) (17,3) 46
(17,3) (16,3) 37
(17,3) (18,3) 26
(18,3) (17,3) 49
(18,3) (19,3) 3
(19,3) (18,3) 37
(19,3) (20,3) 8
(20,3) (19,3) 26
(20,3) (21,3) 7
(21,3) (20,3) 24
(21,3) (22,3) 13
(22,3) (21,3) 37
(22,3) (23,3) 34
(23,3) (22,3) 14
(23,3) (24,3) 14
(24,3) (23,3) 5
(24,3) (25,3) 43
(25,3) (24,3) 19
(25,3) (26,3) 10
(26,3) (25,3) 1
(26,3) (27,3) 43
(27,3) (26,3) 17
(27,3) (28,3) 6
(28,3) (27,3) 41
(28,3) (29,3) 9
(29,3) (28,3) 26
(29,3) (30,3) 22
(30,3) (29,3) 13
(30,3) (31,3) 6
(31,3) (30,3) 10
(31,3) (32,3) 38
(32,3) (31,3) 49
(32,3) (33,3) 31
(33,3) (32,3) 36
(33,3) (34,3) 15
(34,3) (33,3) 46
(34,3) (35,3) 43
(35,3) (34,3) 34
(35,3) (36,3) 9
(36,3) (35,3) 32
(36,3) (37,3) 6
(37,3) (36,3) 35
(37,3) (38,3) 43
(38,3) (37,3) 17
(38,3) (39,3) 46
(39,3) (38,3) 11
(39,3) (40,3) 22
(40,3) (39,3) 50
(1,4) (2,4) 1
(2,4) (1,4) 46
(2,4) (3,4) 8
(3,4) (2,4) 42
(3,4) (4,4) 35
(4,4) (3,4) 47
(4,4) (5,4) 2
(5,4) (4,4) 13
(5,4) (6,4) 26
(6,4) (5,4) 26
(6,4) (7,4) 21
(7,4) (6,4) 5
(7,4) (8,4) 47
(8,4) (7,4) 39
(8,4) (9,4) 17
(9,4) (8,4) 9
(9,4) (10,4) 48
(10,4) (9,4) 13
(10,4) (11,4) 37
(11,4) (10,4) 42
(11,4) (12,4) 50
(12,4) (11,4) 14
(12,4) (13,4) 36
(13,4) (12,4) 36
(13,4) (14,4) 50
(14,4) (13,4) 10
(14,4) (15,4) 44
(15,4) (14,4) 1
(15,4) (16,4) 11
(16,4) (15,4) 19
(16,4) (17,4) 2
(17,4) (16,4) 40
(17,4) (18,4) 28
(18,4) (17,4) 32
(18,4) (19,4) 46
(19,4) (18,4) 33
(19,4) (20,4) 3
(20,4) (19,4) 3
(20,4) (21,4) 7
(21,4) (20,4) 24
(21,4) (22,4) 7
(22,4) (21,4) 40
(22,4) (23,4) 16
(23,4) (22,4) 30
(23,4) (24,4) 42
(24,4) (23,4) 12
(24,4) (25,4) 35
(25,4) (24,4) 32
(25,4) (26,4) 14
(26,4) (25,4) 30
(26,4) (27,4) 13
(27,4) (26,4) 24
(27,4) (28,4) 9
(28,4) (27,4) 10
(28,4) (29,4) 30
(29,4) (28,4) 46
(29,4) (30,4) 18
(30,4) (29,4) 46
(30,4) (31,4) 20
(31,4) (30,4) 30
(31,4) (32,4) 45
(32,4) (31,4) 17
(32,4) (33,4) 50
(33,4) (32,4) 40
(33,4) (34,4) 21
(34,4) (33,4) 19
(34,4) (35,4) 5
(35,4) (34,4) 17
(35,4) (36,4) 25
(36,4) (35,4) 41
(36,4) (37,4) 43
(37,4) (36,4) 18
(37,4) (38,4) 33
(38,4) (37,4) 12
(38,4) (39,4) 40
(39,4) (38,4) 26
(39,4) (40,4) 8
(40,4) (39,4) 1
(1,5) (2,5) 22
(2,5) (1,5) 34
(2,5) (3,5) 15
(3,5) (2,5) 16
(3,5) (4,5) 26
(4,5) (3,5) 13
(4,5) (5,5) 19
(5,5) (4,5) 25
(5,5) (6,5) 45
(6,5) (5,5) 2
(6,5) (7,5) 33
(7,5) (6,5) 37
(7,5) (8,5) 8
(8,5) (7,5) 25
(8,5) (9,5) 44
(9,5) (8,5) 36
(9,5) (10,5) 21
(10,5) (9,5) 38
(10,5) (11,5) 43
(11,5) (10,5) 30
(11,5) (12,5) 1
(12,5) (11,5) 23
(12,5) (13,5) 15
(13,5) (12,5) 49
(13,5) (14,5) 26
(14,5) (13,5) 45
(14,5) (15,5) 24
(15,5) (14,5) 18
(15,5) (16,5) 33
(16,5) (15,5) 12
(16,5) (17,5) 43
(17,5) (16,5) 30
(17,5) (18,5) 45
(18,5) (17,5) 47
(18,5) (19,5) 4
(19,5) (18,5) 25
(19,5) (20,5) 46
(20,5) (19,5) 42
(20,5) (21,5) 11
(21,5) (20,5) 34
(21,5) (22,5) 13
(22,5) (21,5) 22
(22,5) (23,5) 4
(23,5) (22,5) 35
(23,5) (24,5) 32
(24,5) (23,5) 43
(24,5) (25,5) 49
(25,5) (24,5) 38
(25,5) (26,5) 49
(26,5) (25,5) 35
(26,5) (27,5) 9
(27,5) (26,5) 18
(27,5) (28,5) 12
(28,5) (27,5) 44
(28,5) (29,5) 41
(29,5) (28,5) 37
(29,5) (30,5) 10
(30,5) (29,5) 20
(30,5) (31,5) 19
(31,5) (30,5) 44
(31,5) (32,5) 20
(32,5) (31,5) 43
(32,5) (33,5) 38
(33,5) (32,5) 24
(33,5) (34,5) 10
(34,5) (33,5) 3
(34,5) (35,5) 45
(35,5) (34,5) 45
(35,5) (36,5) 15
(36,5) (35,5) 36
(36,5) (37,5) 39
(37,5) (36,5) 46
(37,5) (38,5) 40
(38,5) (37,5) 38
(38,5) (39,5) 40
(39,5) (38,5) 23
(39,5) (40,5) 17
(40,5) (39,5) 25
(1,6) (2,6) 6
(2,6) (1,6) 47
(2,6) (3,6) 46
(3,6) (2,6) 39
(3,6) (4,6) 19
(4,6) (3,6) 41
(4,6) (5,6) 7
(5,6) (4,6) 24
(5,6) (6,6) 6
(6,6) (5,6) 27
(6,6) (7,6) 37
(7,6) (6,6) 28
(7,6) (8,6) 37
(8,6) (7,6) 8
(8,6) (9,6) 26
(9,6) (8,6) 24
(9,6) (10,6) 42
(10,6) (9,6) 50
(10,6) (11,6) 42
(11,6) (10,6) 25
(11,6) (12,6) 8
(12,6) (11,6) 34
(12,6) (13,6) 12
(13,6) (12,6) 10
(13,6) (14,6) 46
(14,6) (13,6) 50
(14,6) (15,6) 43
(15,6) (14,6) 26
(15,6) (16,6) 47
(16,6) (15,6) 12
(16,6) (17,6) 9
(17,6) (16,6) 48
(17,6) (18,6) 49
(18,6) (17,6) 33
(18,6) (19,6) 9
(19,6) (18,6) 36
(19,6) (20,6) 4
(20,6) (19,6) 19
(20,6) (21,6) 41
(21,6) (20,6) 29
(21,6) (22,6) 26
(22,6) (21,6) 23
(22,6) (23,6) 28
(23,6) (22,6) 1
(23,6) (24,6) 15
(24,6) (23,6) 49
(24,6) (25,6) 46
(25,6) (24,6) 26
(25,6) (26,6) 49
(26,6) (25,6) 30
(26,6) (27,6) 45
(27,6) (26,6) 15
(27,6) (28,6) 9
(28,6) (27,6) 4
(28,6) (29,6) 49
(29,6) (28,6) 28
(29,6) (30,6) 18
(30,6) (29,6) 8
(30,6) (31,6) 25
(31,6) (30,6) 26
(31,6) (32,6) 10
(32,6) (31,6) 6
(32,6) (33,6) 48
(33,6) (32,6) 46
(33,6) (34,6) 14
(34,6) (33,6) 32
(34,6) (35,6) 10
(35,6) (34,6) 33
(35,6) (36,6) 23
(36,6) (35,6) 8
(36,6) (37,6) 3
(37,6) (36,6) 30
(37,6) (38,6) 3
(38,6) (37,6) 33
(38,6) (39,6) 42
(39,6) (38,6) 16
(39,6) (40,6) 36
(40,6) (39,6) 14
(1,7) (2,7) 44
(2,7) (1,7) 12
(2,7) (3,7) 15
(3,7) (2,7) 49
(3,7) (4,7) 17
(4,7) (3,7) 12
(4,7) (5,7) 1
(5,7) (4,7) 1
(5,7) (6,7) 30
(6,7) (5,7) 11
(6,7) (7,7) 31
(7,7) (6,7) 46
(7,7) (8,7) 5
(8,7) (7,7) 45
(8,7) (9,7) 36
(9,7) (8,7) 8
(9,7) (10,7) 44
(10,7) (9,7) 50
(10,7) (11,7) 11
(11,7) (10,7) 37
(11,7) (12,7) 1
(12,7) (11,7) 12
(12,7) (13,7) 47
(13,7) (12,7) 18
(13,7) (14,7) 44
(14,7) (13,7) 26
(14,7) (15,7) 7
(15,7) (14,7) 10
(15,7) (16,7) 19
(16,7) (15,7) 28
(16,7) (17,7) 4
(17,7) (16,7) 34
(17,7) (18,7) 2
(18,7) (17,7) 9
(18,7) (19,7) 7
(19,7) (18,7) 9
(19,7) (20,7) 15
(20,7) (19,7) 13
(20,7) (21,7) 8
(21,7) (20,7) 16
(21,7) (22,7) 35
(22,7) (21,7) 27
(22,7) (23,7) 27
(23,7) (22,7) 34
(23,7) (24,7) 7
(24,7) (23,7) 5
(24,7) (25,7) 2
(25,7) (24,7) 11
(25,7) (26,7) 24
(26,7) (25,7) 50
(26,7) (27,7) 21
(27,7) (26,7) 24
(27,7) (28,7) 47
(28,7) (27,7) 20
(28,7) (29,7) 13
(29,7) (28,7) 1
(29,7) (30,7) 46
(30,7) (29,7) 24
(30,7) (31,7) 10
(31,7) (30,7) 10
(31,7) (32,7) 49
(32,7) (31,7) 31
(32,7) (33,7) 10
(33,7) (32,7) 11
(33,7) (34,7) 19
(34,7) (33,7) 36
(34,7) (35,7) 49
(35,7) (34,7) 2
(35,7) (36,7) 39
(36,7) (35,7) 22
(36,7) (37,7) 12
(37,7) (36,7) 42
(37,7) (38,7) 48
(38,7) (37,7) 31
(38,7) (39,7) 46
(39,7) (38,7) 10
(39,7) (40,7) 31
(40,7) (39,7) 33
(1,8) (2,8) 49
(2,8) (1,8) 7
(2,8) (3,8) 13
(3,8) (2,8) 11
(3,8) (4,8) 16
(4,8) (3,8) 34
(4,8) (5,8) 18
(5,8) (4,8) 20
(5,8) (6,8) 30
(6,8) (5,8) 16
(6,8) (7,8) 15
(7,8) (6,8) 9
(7,8) (8,8) 9
(8,8) (7,8) 19
(8,8) (9,8) 26
(9,8) (8,8) 28
(9,8) (10,8) 27
(10,8) (9,8) 25
(10,8) (11,8) 36
(11,8) (10,8) 2
(11,8) (12,8) 25
(12,8) (11,8) 47
(12,8) (13,8) 13
(13,8) (12,8) 50
(13,8) (14,8) 34
(14,8) (13,8) 18
(14,8) (15,8) 25
(15,8) (14,8) 3
(15,8) (16,8) 21
(16,8) (15,8) 4
(16,8) (17,8) 15
(17,8) (16,8) 21
(17,8) (18,8) 49
(18,8) (17,8) 31
(18,8) (19,8) 36
(19,8) (18,8) 31
(19,8) (20,8) 42
(20,8) (19,8) 3
(20,8) (21,8) 16
(21,8) (20,8) 6
(21,8) (22,8) 12
(22,8) (21,8) 25
(22,8) (23,8) 40
(23,8) (22,8) 14
(23,8) (24,8) 20
(24,8) (23,8) 28
(24,8) (25,8) 6
(25,8) (24,8) 5
(25,8) (26,8) 24
(26,8) (25,8) 42
(26,8) (27,8) 20
(27,8) (26,8) 42
(27,8) (28,8) 35
(28,8) (27,8) 30
(28,8) (29,8) 45
(29,8) (28,8) 38
(29,8) (30,8) 11
(30,8) (29,8) 22
(30,8) (31,8) 19
(31,8) (30,8) 26
(31,8) (32,8) 48
(32,8) (31,8) 42
(32,8) (33,8) 40
(33,8) (32,8) 10
(33,8) (34,8) 3
(34,8) (33,8) 47
(34,8) (35,8) 23
(35,8) (34,8) 27
(35,8) (36,8) 19
(36,8) (35,8) 45
(36,8) (37,8) 14
(37,8) (36,8) 6
(37,8) (38,8) 50
(38,8) (37,8) 21
(38,8) (39,8) 46
(39,8) (38,8) 48
(39,8) (40,8) 45
(40,8) (39,8) 43
(1,9) (2,9) 20
(2,9) (1,9) 5
(2,9) (3,9) 38
(3,9) (2,9) 27
(3,9) (4,9) 40
(4,9) (3,9) 5
(4,9) (5,9) 25
(5,9) (4,9) 18
(5,9) (6,9) 19
(6,9) (5,9) 6
(6,9) (7,9) 33
(7,9) (6,9) 48
(7,9) (8,9) 17
(8,9) (7,9) 45
(8,9) (9,9) 47
(9,9) (8,9) 19
(9,9) (10,9) 29
(10,9) (9,9) 24
(10,9) (11,9) 8
(11,9) (10,9) 45
(11,9) (12,9) 13
(12,9) (11,9) 34
(12,9) (13,9) 27
(13,9) (12,9) 35
(13,9) (14,9) 22
(14,9) (13,9) 38
(14,9) (15,9) 9
(15,9) (14,9) 17
(15,9) (16,9) 34
(16,9) (15,9) 9
(16,9) (17,9) 20
(17,9) (16,9) 50
(17,9) (18,9) 50
(18,9) (17,9) 8
(18,9) (19,9) 21
(19,9) (18,9) 29
(19,9) (20,9) 18
(20,9) (19,9) 20
(20,9) (21,9) 3
(21,9) (20,9) 35
(21,9) (22,9) 18
(22,9) (21,9) 50
(22,9) (23,9) 13
(23,9) (22,9) 25
(23,9) (24,9) 35
(24,9) (23,9) 17
(24,9) (25,9) 7
(25,9) (24,9) 29
(25,9) (26,9) 15
(26,9) (25,9) 27
(26,9) (27,9) 23
(27,9) (26,9) 23
(27,9) (28,9) 20
(28,9) (27,9) 37
(28,9) (29,9) 41
(29,9) (28,9) 33
(29,9) (30,9) 14
(30,9) (29,9) 2
(30,9) (31,9) 30
(31,9) (30,9) 43
(31,9) (32,9) 9
(32,9) (31,9) 1
(32,9) (33,9) 45
(33,9) (32,9) 39
(33,9) (34,9) 38
(34,9) (33,9) 49
(34,9) (35,9) 44
(35,9) (34,9) 17
(35,9) (36,9) 1
(36,9) (35,9) 44
(36,9) (37,9) 24
(37,9) (36,9) 39
(37,9) (38,9) 47
(38,9) (37,9) 12
(38,9) (39,9) 10
(39,9) (38,9) 23
(39,9) (40,9) 24
(40,9) (39,9) 45
(1,10) (2,10) 43
(2,10) (1,10) 34
(2,10) (3,10) 30
(3,10) (2,10) 45
(3,10) (4,10) 41
(4,10) (3,10) 19
(4,10) (5,10) 3
(5,10) (4,10) 41
(5,10) (6,10) 7
(6,10) (5,10) 28
(6,10) (7,10) 2
(7,10) (6,10) 22
(7,10) (8,10) 48
(8,10) (7,10) 48
(8,10) (9,10) 33
(9,10) (8,10) 15
(9,10) (10,10) 19
(10,10) (9,10) 2
(10,10) (11,10) 11
(11,10) (10,10) 4
(11,10) (12,10) 30
(12,10) (11,10) 28
(12,10) (13,10) 6
(13,10) (12,10) 21
(13,10) (14,10) 34
(14,10) (13,10) 23
(14,10) (15,10) 10
(15,10) (14,10) 34
(15,10) (16,10) 3
(16,10) (15,10) 13
(16,10) (17,10) 14
(17,10) (16,10) 34
(17,10) (18,10) 45
(18,10) (17,10) 28
(18,10) (19,10) 10
(19,10) (18,10) 43
(19,10) (20,10) 12
(20,10) (19,10) 49
(20,10) (21,10) 45
(21,10) (20,10) 33
(21,10) (22,10) 11
(22,10) (21,10) 9
(22,10) (23,10) 37
(23,10) (22,10) 40
(23,10) (24,10) 9
(24,10) (23,10) 31
(24,10) (25,10) 35
(25,10) (24,10) 25
(25,10) (26,10) 28
(26,10) (25,10) 7
(26,10) (27,10) 3
(27,10) (26,10) 23
(27,10) (28,10) 42
(28,10) (27,10) 22
(28,10) (29,10) 9
(29,10) (28,10) 50
(29,10) (30,10) 11
(30,10) (29,10) 28
(30,10) (31,10) 11
(31,10) (30,10) 1
(31,10) (32,10) 11
(32,10) (31,10) 48
(32,10) (33,10) 2
(33,10) (32,10) 19
(33,10) (34,10) 22
(34,10) (33,10) 44
(34,10) (35,10) 3
(35,10) (34,10) 32
(35,10) (36,10) 27
(36,10) (35,10) 30
(36,10) (37,10) 28
(37,10) (36,10) 8
(37,10) (38,10) 49
(38,10) (37,10) 8
(38,10) (39,10) 36
(39,10) (38,10) 43
(39,10) (40,10) 6
(40,10) (39,10) 16
(1,11) (2,11) 48
(2,11) (1,11) 10
(2,11) (3,11) 34
(3,11) (2,11) 47
(3,11) (4,11) 41
(4,11) (3,11) 6
(4,11) (5,11) 43
(5,11) (4,11) 9
(5,11) (6,11) 43
(6,11) (5,11) 13
(6,11) (7,11) 29
(7,11) (6,11) 16
(7,11) (8,11) 38
(8,11) (7,11) 4
(8,11) (9,11) 9
(9,11) (8,11) 8
(9,11) (10,11) 17
(10,11) (9,11) 37
(10,11) (11,11) 28
(11,11) (10,11) 17
(11,11) (12,11) 3
(12,11) (11,11) 14
(12,11) (13,11) 45
(13,11) (12,11) 4
(13,11) (14,11) 24
(14,11) (13,11) 49
(14,11) (15,11) 39
(15,11) (14,11) 21
(15,11) (16,11) 26
(16,11) (15,11) 38
(16,11) (17,11) 28
(17,11) (16,11) 39
(17,11) (18,11) 22
(18,11) (17,11) 24
(18,11) (19,11) 11
(19,11) (18,11) 44
(19,11) (20,11) 5
(20,11) (19,11) 45
(20,11) (21,11) 23
(21,11) (20,11) 11
(21,11) (22,11) 17
(22,11) (21,11) 39
(22,11) (23,11) 8
(23,11) (22,11) 1
(23,11) (24,11) 43
(24,11) (23,11) 9
(24,11) (25,11) 46
(25,11) (24,11) 12
(25,11) (26,11) 39
(26,11) (25,11) 15
(26,11) (27,11) 41
(27,11) (26,11) 5
(27,11) (28,11) 1
(28,11) (27,11) 35
(28,11) (29,11) 33
(29,11) (28,11) 14
(29,11) (30,11) 37
(30,11) (29,11) 39
(30,11) (31,11) 21
(31,11) (30,11) 48
(31,11) (32,11) 5
(32,11) (31,11) 43
(32,11) (33,11) 10
(33,11) (32,11) 27
(33,11) (34,11) 47
(34,11) (33,11) 46
(34,11) (35,11) 39
(35,11) (34,11) 14
(35,11) (36,11) 37
(36,11) (35,11) 4
(36,11) (37,11) 41
(37,11) (36,11) 9
(37,11) (38,11) 1
(38,11) (37,11) 40
(38,11) (39,11) 43
(39,11) (38,11) 50
(39,11) (40,11) 39
(40,11) (39,11) 27
(1,12) (2,12) 50
(2,12) (1,12) 40
(2,12) (3,12) 21
(3,12) (2,12) 30
(3,12) (4,12) 1
(4,12) (3,12) 11
(4,12) (5,12) 40
(5,12) (4,12) 44
(5,12) (6,12) 10
(6,12) (5,12) 17
(6,12) (7,12) 3
(7,12) (6,12) 31
(7,12) (8,12) 18
(8,12) (7,12) 26
(8,12) (9,12) 44
(9,12) (8,12) 33
(9,12) (10,12) 47
(10,12) (9,12) 39
(10,12) (11,12) 40
(11,12) (10,12) 50
(11,12) (12,12) 40
(12,12) (11,12) 17
(12,12) (13,12) 44
(13,12) (12,12) 11
(13,12) (14,12) 34
(14,12) (13,12) 32
(14,12) (15,12) 30
(15,12) (14,12) 49
(15,12) (16,12) 28
(16,12) (15,12) 47
(16,12) (17,12) 39
(17,12) (16,12) 49
(17,12) (18,12) 4
(18,12) (17,12) 31
(18,12) (19,12) 4
(19,12) (18,12) 9
(19,12) (20,12) 15
(20,12) (19,12) 35
(20,12) (21,12) 37
(21,12) (20,12) 24
(21,12) (22,12) 43
(22,12) (21,12) 7
(22,12) (23,12) 38
(23,12) (22,12) 42
(23,12) (24,12) 24
(24,12) (23,12) 13
(24,12) (25,12) 22
(25,12) (24,12) 29
(25,12) (26,12) 30
(26,12) (25,12) 1
(26,12) (27,12) 35
(27,12) (26,12) 3
(27,12) (28,12) 29
(28,12) (27,12) 44
(28,12) (29,12) 9
(29,12) (28,12) 45
(29,12) (30,12) 49
(30,12) (29,12) 19
(30,12) (31,12) 31
(31,12) (30,12) 7
(31,12) (32,12) 31
(32,12) (31,12) 12
(32,12) (33,12) 32
(33,12) (32,12) 45
(33,12) (34,12) 39
(34,12) (33,12) 39
(34,12) (35,12) 43
(35,12) (34,12) 15
(35,12) (36,12) 43
(36,12) (35,12) 33
(36,12) (37,12) 42
(37,12) (36,12) 47
(37,12) (38,12) 34
(38,12) (37,12) 23
(38,12) (39,12) 4
(39,12) (38,12) 12
(39,12) (40,12) 41
(40,12) (39,12) 8
(1,13) (2,13) 31
(2,13) (1,13) 37
(2,13) (3,13) 13
(3,13) (2,13) 15
(3,13) (4,13) 8
(4,13) (3,13) 30
(4,13) (5,13) 42
(5,13) (4,13) 30
(5,13) (6,13) 23
(6,13) (5,13) 34
(6,13) (7,13) 19
(7,13) (6,13) 26
(7,13) (8,13) 6
(8,13) (7,13) 5
(8,13) (9,13) 50
(9,13) (8,13) 40
(9,13) (10,13) 40
(10,13) (9,13) 42
(10,13) (11,13) 1
(11,13) (10,13) 13
(11,13) (12,13) 17
(12,13) (11,13) 23
(12,13) (13,13) 11
(13,13) (12,13) 8
(13,13) (14,13) 23
(14,13) (13,13) 10
(14,13) (15,13) 50
(15,13) (14,13) 14
(15,13) (16,13) 23
(16,13) (15,13) 21
(16,13) (17,13) 25
(17,13) (16,13) 12
(17,13) (18,13) 11
(18,13) (17,13) 26
(18,13) (19,13) 33
(19,13) (18,13) 36
(19,13) (20,13) 19
(20,13) (19,13) 20
(20,13) (21,13) 46
(21,13) (20,13) 7
(21,13) (22,13) 19
(22,13) (21,13) 37
(22,13) (23,13) 43
(23,13) (22,13) 9
(23,13) (24,13) 42
(24,13) (23,13) 42
(24,13) (25,13) 49
(25,13) (24,13) 4
(25,13) (26,13) 9
(26,13) (25,13) 12
(26,13) (27,13) 2
(27,13) (26,13) 20
(27,13) (28,13) 50
(28,13) (27,13) 25
(28,13) (29,13) 29
(29,13) (28,13) 3
(29,13) (30,13) 48
(30,13) (29,13) 28
(30,13) (31,13) 48
(31,13) (30,13) 36
(31,13) (32,13) 43
(32,13) (31,13) 2
(32,13) (33,13) 10
(33,13) (32,13) 32
(33,13) (34,13) 30
(34,13) (33,13) 6
(34,13) (35,13) 41
(35,13) (34,13) 43
(35,13) (36,13) 28
(36,13) (35,13) 26
(36,13) (37,13) 20
(37,13) (36,13) 22
(37,13) (38,13) 24
(38,13) (37,13) 2
(38,13) (39,13) 45
(39,13) (38,13) 2
(39,13) (40,13) 46
(40,13) (39,13) 25
(1,14) (2,14) 18
(2,14) (1,14) 8
(2,14) (3,14) 19
(3,14) (2,14) 5
(3,14) (4,14) 17
(4,14) (3,14) 28
(4,14) (5,14) 26
(5,14) (4,14) 24
(5,14) (6,14) 29
(6,14) (5,14) 38
(6,14) (7,14) 20
(7,14) (6,14) 11
(7,14) (8,14) 18
(8,14) (7,14) 23
(8,14) (9,14) 22
(9,14) (8,14) 25
(9,14) (10,14) 29
(10,14) (9,14) 33
(10,14) (11,14) 24
(11,14) (10,14) 49
(11,14) (12,14) 45
(12,14) (11,14) 28
(12,14) (13,14) 13
(13,14) (12,14) 21
(13,14) (14,14) 13
(14,14) (13,14) 7
(14,14) (15,14) 13
(15,14) (14,14) 7
(15,14) (16,14) 26
(16,14) (15,14) 11
(16,14) (17,14) 32
(17,14) (16,14) 29
(17,14) (18,14) 34
(18,14) (17,14) 22
(18,14) (19,14) 13
(19,14) (18,14) 1
(19,14) (20,14) 50
(20,14) (19,14) 48
(20,14) (21,14) 6
(21,14) (20,14) 10
(21,14) (22,14) 16
(22,14) (21,14) 37
(22,14) (23,14) 32
(23,14) (22,14) 20
(23,14) (24,14) 26
(24,14) (23,14) 28
(24,14) (25,14) 5
(25,14) (24,14) 47
(25,14) (26,14) 38
(26,14) (25,14) 18
(26,14) (27,14) 16
(27,14) (26,14) 9
(27,14) (28,14) 14
(28,14) (27,14) 18
(28,14) (29,14) 46
(29,14) (28,14) 48
(29,14) (30,14) 29
(30,14) (29,14) 16
(30,14) (31,14) 36
(31,14) (30,14) 5
(31,14) (32,14) 15
(32,14) (31,14) 18
(32,14) (33,14) 35
(33,14) (32,14) 11
(33,14) (34,14) 33
(34,14) (33,14) 7
(34,14) (35,14) 26
(35,14) (34,14) 11
(35,14) (36,14) 16
(36,14) (35,14) 50
(36,14) (37,14) 45
(37,14) (36,14) 44
(37,14) (38,14) 32
(38,14) (37,14) 45
(38,14) (39,14) 21
(39,14) (38,14) 21
(39,14) (40,14) 1
(40,14) (39,14) 16
(1,15) (2,15) 15
(2,15) (1,15) 45
(2,15) (3,15) 27
(3,15) (2,15) 11
(3,15) (4,15) 45
(4,15) (3,15) 36
(4,15) (5,15) 32
(5,15) (4,15) 20
(5,15) (6,15) 37
(6,15) (5,15) 26
(6,15) (7,15) 36
(7,15) (6,15) 44
(7,15) (8,15) 47
(8,15) (7,15) 30
(8,15) (9,15) 7
(9,15) (8,15) 46
(9,15) (10,15) 46
(10,15) (9,15) 36
(10,15) (11,15) 29
(11,15) (10,15) 30
(11,15) (12,15) 9
(12,15) (11,15) 5
(12,15) (13,15) 42
(13,15) (12,15) 38
(13,15) (14,15) 48
(14,15) (13,15) 36
(14,15) (15,15) 24
(15,15) (14,15) 6
(15,15) (16,15) 15
(16,15) (15,15) 33
(16,15) (17,15) 45
(17,15) (16,15) 23
(17,15) (18,15) 42
(18,15) (17,15) 35
(18,15) (19,15) 34
(19,15) (18,15) 40
(19,15) (20,15) 37
(20,15) (19,15) 30
(20,15) (21,15) 36
(21,15) (20,15) 4
(21,15) (22,15) 45
(22,15) (21,15) 38
(22,15) (23,15) 6
(23,15) (22,15) 37
(23,15) (24,15) 37
(24,15) (23,15) 45
(24,15) (25,15) 37
(25,15) (24,15) 29
(25,15) (26,15) 7
(26,15) (25,15) 41
(26,15) (27,15) 16
(27,15) (26,15) 13
(27,15) (28,15) 44
(28,15) (27,15) 12
(28,15) (29,15) 14
(29,15) (28,15) 1
(29,15) (30,15) 2
(30,15) (29,15) 7
(30,15) (31,15) 45
(31,15) (30,15) 16
(31,15) (32,15) 16
(32,15) (31,15) 2
(32,15) (33,15) 23
(33,15) (32,15) 43
(33,15) (34,15) 49
(34,15) (33,15) 46
(34,15) (35,15) 41
(35,15) (34,15) 28
(35,15) (36,15) 19
(36,15) (35,15) 1
(36,15) (37,15) 34
(37,15) (36,15) 50
(37,15) (38,15) 42
(38,15) (37,15) 42
(38,15) (39,15) 19
(39,15) (38,15) 24
(39,15) (40,15) 7
(40,15) (39,15) 5
(1,16) (2,16) 3
(2,16) (1,16) 44
(2,16) (3,16) 33
(3,16) (2,16) 21
(3,16) (4,16) 36
(4,16) (3,16) 20
(4,16) (5,16) 35
(5,16) (4,16) 22
(5,16) (6,16) 17
(6,16) (5,16) 12
(6,16) (7,16) 23
(7,16) (6,16) 48
(7,16) (8,16) 46
(8,16) (7,16) 20
(8,16) (9,16) 24
(9,16) (8,16) 27
(9,16) (10,16) 36
(10,16) (9,16) 13
(10,16) (11,16) 22
(11,16) (10,16) 26
(11,16) (12,16) 28
(12,16) (11,16) 16
(12,16) (13,16) 32
(13,16) (12,16) 13
(13,16) (14,16) 8
(14,16) (13,16) 41
(14,16) (15,16) 38
(15,16) (14,16) 2
(15,16) (16,16) 9
(16,16) (15,16) 36
(16,16) (17,16) 9
(17,16) (16,16) 46
(17,16) (18,16) 38
(18,16) (17,16) 50
(18,16) (19,16) 47
(19,16) (18,16) 14
(19,16) (20,16) 44
(20,16) (19,16) 33
(20,16) (21,16) 32
(21,16) (20,16) 11
(21,16) (22,16) 22
(22,16) (21,16) 14
(22,16) (23,16) 22
(23,16) (22,16) 42
(23,16) (24,16) 10
(24,16) (23,16) 33
(24,16) (25,16) 49
(25,16) (24,16) 10
(25,16) (26,16) 21
(26,16) (25,16) 4
(26,16) (27,16) 30
(27,16) (26,16) 46
(27,16) (28,16) 6
(28,16) (27,16) 18
(28,16) (29,16) 41
(29,16) (28,16) 36
(29,16) (30,16) 19
(30,16) (29,16) 16
(30,16) (31,16) 28
(31,16) (30,16) 5
(31,16) (32,16) 28
(32,16) (31,16) 5
(32,16) (33,16) 32
(33,16) (32,16) 12
(33,16) (34,16) 47
(34,16) (33,16) 45
(34,16) (35,16) 30
(35,16) (34,16) 39
(35,16) (36,16) 8
(36,16) (35,16) 15
(36,16) (37,16) 45
(37,16) (36,16) 42
(37,16) (38,16) 26
(38,16) (37,16) 7
(38,16) (39,16) 24
(39,16) (38,16) 50
(39,16) (40,16) 9
(40,16) (39,16) 5
(1,17) (2,17) 22
(2,17) (1,17) 23
(2,17) (3,17) 20
(3,17) (2,17) 9
(3,17) (4,17) 48
(4,17) (3,17) 43
(4,17) (5,17) 23
(5,17) (4,17) 32
(5,17) (6,17) 44
(6,17) (5,17) 32
(6,17) (7,17) 15
(7,17) (6,17) 17
(7,17) (8,17) 41
(8,17) (7,17) 29
(8,17) (9,17) 31
(9,17) (8,17) 37
(9,17) (10,17) 45
(10,17) (9,17) 47
(10,17) (11,17) 23
(11,17) (10,17) 22
(11,17) (12,17) 49
(12,17) (11,17) 32
(12,17) (13,17) 28
(13,17) (12,17) 15
(13,17) (14,17) 37
(14,17) (13,17) 15
(14,17) (15,17) 38
(15,17) (14,17) 7
(15,17) (16,17) 31
(16,17) (15,17) 9
(16,17) (17,17) 18
(17,17) (16,17) 26
(17,17) (18,17) 24
(18,17) (17,17) 26
(18,17) (19,17) 2
(19,17) (18,17) 14
(19,17) (20,17) 15
(20,17) (19,17) 12
(20,17) (21,17) 27
(21,17) (20,17) 46
(21,17) (22,17) 13
(22,17) (21,17) 41
(22,17) (23,17) 7
(23,17) (22,17) 3
(23,17) (24,17) 9
(24,17) (23,17) 3
(24,17) (25,17) 44
(25,17) (24,17) 34
(25,17) (26,17) 25
(26,17) (25,17) 19
(26,17) (27,17) 15
(27,17) (26,17) 39
(27,17) (28,17) 42
(28,17) (27,17) 14
(28,17) (29,17) 42
(29,17) (28,17) 47
(29,17) (30,17) 49
(30,17) (29,17) 37
(30,17) (31,17) 11
(31,17) (30,17) 19
(31,17) (32,17) 17
(32,17) (31,17) 38
(32,17) (33,17) 7
(33,17) (32,17) 4
(33,17) (34,17) 39
(34,17) (33,17) 11
(34,17) (35,17) 39
(35,17) (34,17) 37
(35,17) (36,17) 35
(36,17) (35,17) 28
(36,17) (37,17) 5
(37,17) (36,17) 9
(37,17) (38,17) 4
(38,17) (37,17) 15
(38,17) (39,17) 9
(39,17) (38,17) 47
(39,17) (40,17) 33
(40,17) (39,17) 40
(1,18) (2,18) 11
(2,18) (1,18) 31
(2,18) (3,18) 28
(3,18) (2,18) 26
(3,18) (4,18) 20
(4,18) (3,18) 2
(4,18) (5,18) 35
(5,18) (4,18) 21
(5,18) (6,18) 22
(6,18) (5,18) 27
(6,18) (7,18) 13
(7,18) (6,18) 34
(7,18) (8,18) 20
(8,18) (7,18) 22
(8,18) (9,18) 11
(9,18) (8,18) 4
(9,18) (10,18) 28
(10,18) (9,18) 26
(10,18) (11,18) 13
(11,18) (10,18) 2
(11,18) (12,18) 21
(12,18) (11,18) 45
(12,18) (13,18) 27
(13,18) (12,18) 22
(13,18) (14,18) 50
(14,18) (13,18) 28
(14,18) (15,18) 46
(15,18) (14,18) 48
(15,18) (16,18) 29
(16,18) (15,18) 17
(16,18) (17,18) 38
(17,18) (16,18) 32
(17,18) (18,18) 2
(18,18) (17,18) 16
(18,18) (19,18) 6
(19,18) (18,18) 8
(19,18) (20,18) 50
(20,18) (19,18) 1
(20,18) (21,18) 3
(21,18) (20,18) 36
(21,18) (22,18) 44
(22,18) (21,18) 35
(22,18) (23,18) 5
(23,18) (22,18) 34
(23,18) (24,18) 43
(24,18) (23,18) 33
(24,18) (25,18) 39
(25,18) (24,18) 8
(25,18) (26,18) 28
(26,18) (25,18) 43
(26,18) (27,18) 26
(27,18) (26,18) 33
(27,18) (28,18) 6
(28,18) (27,18) 31
(28,18) (29,18) 2
(29,18) (28,18) 49
(29,18) (30,18) 28
(30,18) (29,18) 47
(30,18) (31,18) 31
(31,18) (30,18) 40
(31,18) (32,18) 28
(32,18) (31,18) 23
(32,18) (33,18) 9
(33,18) (32,18) 30
(33,18) (34,18) 19
(34,18) (33,18) 46
(34,18) (35,18) 31
(35,18) (34,18) 25
(35,18) (36,18) 46
(36,18) (35,18) 10
(36,18) (37,18) 33
(37,18) (36,18) 29
(37,18) (38,18) 35
(38,18) (37,18) 8
(38,18) (39,18) 13
(39,18) (38,18) 3
(39,18) (40,18) 41
(40,18) (39,18) 16
(1,19) (2,19) 49
(2,19) (1,19) 11
(2,19) (3,19) 26
(3,19) (2,19) 25
(3,19) (4,19) 44
(4,19) (3,19) 20
(4,19) (5,19) 45
(5,19) (4,19) 30
(5,19) (6,19) 24
(6,19) (5,19) 35
(6,19) (7,19) 36
(7,19) (6,19) 36
(7,19) (8,19) 3
(8,19) (7,19) 28
(8,19) (9,19) 34
(9,19) (8,19) 50
(9,19) (10,19) 12
(10,19) (9,19) 42
(10,19) (11,19) 5
(11,19) (10,19) 26
(11,19) (12,19) 30
(12,19) (11,19) 11
(12,19) (13,19) 25
(13,19) (12,19) 47
(13,19) (14,19) 26
(14,19) (13,19) 50
(14,19) (15,19) 25
(15,19) (14,19) 41
(15,19) (16,19) 9
(16,19) (15,19) 40
(16,19) (17,19) 29
(17,19) (16,19) 33
(17,19) (18,19) 3
(18,19) (17,19) 8
(18,19) (19,19) 36
(19,19) (18,19) 9
(19,19) (20,19) 18
(20,19) (19,19) 15
(20,19) (21,19) 30
(21,19) (20,19) 34
(21,19) (22,19) 34
(22,19) (21,19) 33
(22,19) (23,19) 20
(23,19) (22,19) 24
(23,19) (24,19) 39
(24,19) (23,19) 36
(24,19) (25,19) 16
(25,19) (24,19) 21
(25,19) (26,19) 12
(26,19) (25,19) 5
(26,19) (27,19) 50
(27,19) (26,19) 29
(27,19) (28,19) 7
(28,19) (27,19) 1
(28,19) (29,19) 36
(29,19) (28,19) 37
(29,19) (30,19) 31
(30,19) (29,19) 28
(30,19) (31,19) 4
(31,19) (30,19) 8
(31,19) (32,19) 38
(32,19) (31,19) 19
(32,19) (33,19) 45
(33,19) (32,19) 33
(33,19) (34,19) 1
(34,19) (33,19) 19
(34,19) (35,19) 31
(35,19) (34,19) 19
(35,19) (36,19) 4
(36,19) (35,19) 13
(36,19) (37,19) 19
(37,19) (36,19) 13
(37,19) (38,19) 37
(38,19) (37,19) 15
(38,19) (39,19) 8
(39,19) (38,19) 47
(39,19) (40,19) 25
(40,19) (39,19) 45
(1,20) (2,20) 30
(2,20) (1,20) 30
(2,20) (3,20) 16
(3,20) (2,20) 34
(3,20) (4,20) 4
(4,20) (3,20) 46
(4,20) (5,20) 32
(5,20) (4,20) 50
(5,20) (6,20) 40
(6,20) (5,20) 49
(6,20) (7,20) 44
(7,20) (6,20) 22
(7,20) (8,20) 23
(8,20) (7,20) 29
(8,20) (9,20) 4
(9,20) (8,20) 17
(9,20) (10,20) 30
(10,20) (9,20) 29
(10,20) (11,20) 31
(11,20) (10,20) 27
(11,20) (12,20) 49
(12,20) (11,20) 31
(12,20) (13,20) 8
(13,20) (12,20) 28
(13,20) (14,20) 21
(14,20) (13,20) 20
(14,20) (15,20) 32
(15,20) (14,20) 2
(15,20) (16,20) 19
(16,20) (15,20) 17
(16,20) (17,20) 47
(17,20) (16,20) 44
(17,20) (18,20) 5
(18,20) (17,20) 20
(18,20) (19,20) 14
(19,20) (18,20) 36
(19,20) (20,20) 29
(20,20) (19,20) 24
(20,20) (21,20) 16
(21,20) (20,20) 14
(21,20) (22,20) 37
(22,20) (21,20) 22
(22,20) (23,20) 27
(23,20) (22,20) 35
(23,20) (24,20) 37
(24,20) (23,20) 19
(24,20) (25,20) 37
(25,20) (24,20) 23
(25,20) (26,20) 36
(26,20) (25,20) 21
(26,20) (27,20) 25
(27,20) (26,20) 6
(27,20) (28,20) 15
(28,20) (27,20) 40
(28,20) (29,20) 31
(29,20) (28,20) 39
(29,20) (30,20) 7
(30,20) (29,20) 43
(30,20) (31,20) 17
(31,20) (30,20) 46
(31,20) (32,20) 49
(32,20) (31,20) 22
(32,20) (33,20) 42
(33,20) (32,20) 29
(33,20) (34,20) 6
(34,20) (33,20) 12
(34,20) (35,20) 47
(35,20) (34,20) 12
(35,20) (36,20) 27
(36,20) (35,20) 17
(36,20) (37,20) 15
(37,20) (36,20) 14
(37,20) (38,20) 48
(38,20) (37,20) 16
(38,20) (39,20) 39
(39,20) (38,20) 16
(39,20) (40,20) 8
(40,20) (39,20) 33
(1,20) t 36
(2,20) t 3
(3,20) t 47
(4,20) t 13
(5,20) t 19
(6,20) t 23
(7,20) t 45
(8,20) t 24
(9,20) t 35
(10,20) t 36
(11,20) t 1
(12,20) t 25
(13,20) t 14
(14,20) t 36
(15,20) t 5
(16,20) t 12
(17,20) t 30
(18,20) t 1
(19,20) t 5
(20,20) t 40
(21,20) t 20
(22,20) t 23
(23,20) t 29
(24,20) t 41
(25,20) t 49
(26,20) t 17
(27,20) t 12
(28,20) t 21
(29,20) t 44
(30,20) t 40
(31,20) t 13
(32,20) t 43
(33,20) t 49
(34,20) t 10
(35,20) t 42
(36,20) t 16
(37,20) t 9
(38,20) t 40
(39,20) t 36
(40,20) t 26
