s (1,1) 20
s (2,1) 90
s (3,1) 63
s (4,1) 32
s (5,1) 74
s (6,1) 55
s (7,1) 96
s (8,1) 8
s (9,1) 19
s (10,1) 7
s (11,1) 31
s (12,1) 13
s (13,1) 70
s (14,1) 67
s (15,1) 53
s (16,1) 46
s (17,1) 15
s (18,1) 75
s (19,1) 97
s (20,1) 45
s (21,1) 57
s (22,1) 47
s (23,1) 56
s (24,1) 42
s (25,1) 65
s (26,1) 95
s (27,1) 23
s (28,1) 100
s (29,1) 65
s (30,1) 47
s (31,1) 82
s (32,1) 80
s (33,1) 59
s (34,1) 61
s (35,1) 5
s (36,1) 19
s (37,1) 65
s (38,1) 93
s (39,1) 82
s (40,1) 30
(1,1) (1,2) 49
(2,1) (2,2) 91
(3,1) (3,2) 90
(4,1) (4,2) 41
(5,1) (5,2) 49
(6,1) (6,2) 64
(7,1) (7,2) 7
(8,1) (8,2) 49
(9,1) (9,2) 72
(10,1) (10,2) 47
(11,1) (11,2) 16
(12,1) (12,2) 35
(13,1) (13,2) 61
(14,1) (14,2) 23
(15,1) (15,2) 43
(16,1) (16,2) 99
(17,1) (17,2) 78
(18,1) (18,2) 87
(19,1) (19,2) 63
(20,1) (20,2) 42
(21,1) (21,2) 14
(22,1) (22,2) 73
(23,1) (23,2) 93
(24,1) (24,2) 84
(25,1) (25,2) 11
(26,1) (26,2) 32
(27,1) (27,2) 41
(28,1) (28,2) 85
(29,1) (29,2) 30
(30,1) (30,2) 72
(31,1) (31,2) 19
(32,1) (32,2) 43
(33,1) (33,2) 45
(34,1) (34,2) 72
(35,1) (35,2) 1
(36,1) (36,2) 85
(37,1) (37,2) 51
(38,1) (38,2) 76
(39,1) (39,2) 89
(40,1) (40,2) 43
(1,2) (1,3) 73
(2,2) (2,3) 81
(3,2) (3,3) 75
(4,2) (4,3) 47
(5,2) (5,3) 85
(6,2) (6,3) 27
(7,2) (7,3) 55
(8,2) (8,3) 20
(9,2) (9,3) 51
(10,2) (10,3) 42
(11,2) (11,3) 25
(12,2) (12,3) 38
(13,2) (13,3) 7
(14,2) (14,3) 32
(15,2) (15,3) 38
(16,2) (16,3) 78
(17,2) (17,3) 89
(18,2) (18,3) 90
(19,2) (19,3) 68
(20,2) (20,3) 47
(21,2) (21,3) 49
(22,2) (22,3) 50
(23,2) (23,3) 71
(24,2) (24,3) 30
(25,2) (25,3) 95
(26,2) (26,3) 90
(27,2) (27,3) 95
(28,2) (28,3) 94
(29,2) (29,3) 48
(30,2) (30,3) 100
(31,2) (31,3) 90
(32,2) (32,3) 45
(33,2) (33,3) 20
(34,2) (34,3) 53
(35,2) (35,3) 98
(36,2) (36,3) 72
(37,2) (37,3) 16
(38,2) (38,3) 39
(39,2) (39,3) 12
(40,2) (40,3) 66
(1,3) (1,4) 80
(2,3) (2,4) 55
(3,3) (3,4) 92
(4,3) (4,4) 93
(5,3) (5,4) 33
(6,3) (6,4) 29
(7,3) (7,4) 49
(8,3) (8,4) 53
(9,3) (9,4) 47
(10,3) (10,4) 28
(11,3) (11,4) 46
(12,3) (12,4) 93
(13,3) (13,4) 26
(14,3) (14,4) 66
(15,3) (15,4) 42
(16,3) (16,4) 19
(17,3) (17,4) 44
(18,3) (18,4) 32
(19,3) (19,4) 57
(20,3) (20,4) 64
(21,3) (21,4) 84
(22,3) (22,4) 86
(23,3) (23,4) 16
(24,3) (24,4) 6
(25,3) (25,4) 75
(26,3) (26,4) 51
(27,3) (27,4) 11
(28,3) (28,4) 80
(29,3) (29,4) 83
(30,3) (30,4) 60
(31,3) (31,4) 27
(32,3) (32,4) 28
(33,3) (33,4) 85
(34,3) (34,4) 15
(35,3) (35,4) 21
(36,3) (36,4) 27
(37,3) (37,4) 15
(38,3) (38,4) 54
(39,3) (39,4) 30
(40,3) (40,4) 93
(1,4) (1,5) 64
(2,4) (2,5) 10
(3,4) (3,5) 74
(4,4) (4,5) 39
(5,4) (5,5) 8
(6,4) (6,5) 28
(7,4) (7,5) 45
(8,4) (8,5) 15
(9,4) (9,5) 7
(10,4) (10,5) 7
(11,4) (11,5) 2
(12,4) (12,5) 60
(13,4) (13,5) 39
(14,4) (14,5) 28
(15,4) (15,5) 9
(16,4) (16,5) 59
(17,4) (17,5) 57
(18,4) (18,5) 58
(19,4) (19,5) 91
(20,4) (20,5) 93
(21,4) (21,5) 98
(22,4) (22,5) 92
(23,4) (23,5) 2
(24,4) (24,5) 3
(25,4) (25,5) 59
(26,4) (26,5) 58
(27,4) (27,5) 96
(28,4) (28,5) 28
(29,4) (29,5) 23
(30,4) (30,5) 21
(31,4) (31,5) 66
(32,4) (32,5) 59
(33,4) (33,5) 41
(34,4) (34,5) 60
(35,4) (35,5) 100
(36,4) (36,5) 37
(37,4) (37,5) 48
(38,4) (38,5) 92
(39,4) (39,5) 50
(40,4) (40,5) 21
(1,5) (1,6) 96
(2,5) (2,6) 86
(3,5) (3,6) 19
(4,5) (4,6) 15
(5,5) (5,6) 76
(6,5) (6,6) 84
(7,5) (7,6) 75
(8,5) (8,6) 43
(9,5) (9,6) 31
(10,5) (10,6) 99
(11,5) (11,6) 68
(12,5) (12,6) 45
(13,5) (13,6) 48
(14,5) (14,6) 89
(15,5) (15,6) 2
(16,5) (16,6) 58
(17,5) (17,6) 88
(18,5) (18,6) 87
(19,5) (19,6) 16
(20,5) (20,6) 16
(21,5) (21,6) 59
(22,5) (22,6) 93
(23,5) (23,6) 95
(24,5) (24,6) 2
(25,5) (25,6) 15
(26,5) (26,6) 41
(27,5) (27,6) 41
(28,5) (28,6) 63
(29,5) (29,6) 18
(30,5) (30,6) 34
(31,5) (31,6) 54
(32,5) (32,6) 54
(33,5) (33,6) 4
(34,5) (34,6) 98
(35,5) (35,6) 47
(36,5) (36,6) 48
(37,5) (37,6) 80
(38,5) (38,6) 24
(39,5) (39,6) 97
(40,5) (40,6) 50
(1,6) (1,7) 43
(2,6) (2,7) 9
(3,6) (3,7) 98
(4,6) (4,7) 98
(5,6) (5,7) 23
(6,6) (6,7) 1
(7,6) (7,7) 11
(8,6) (8,7) 9
(9,6) (9,7) 79
(10,6) (10,7) 67
(11,6) (11,7) 17
(12,6) (12,7) 63
(13,6) (13,7) 56
(14,6) (14,7) 94
(15,6) (15,7) 10
(16,6) (16,7) 46
(17,6) (17,7) 31
(18,6) (18,7) 10
(19,6) (19,7) 69
(20,6) (20,7) 56
(21,6) (21,7) 58
(22,6) (22,7) 26
(23,6) (23,7) 74
(24,6) (24,7) 41
(25,6) (25,7) 34
(26,6) (26,7) 87
(27,6) (27,7) 59
(28,6) (28,7) 22
(29,6) (29,7) 71
(30,6) (30,7) 63
(31,6) (31,7) 11
(32,6) (32,7) 41
(33,6) (33,7) 15
(34,6) (34,7) 21
(35,6) (35,7) 96
(36,6) (36,7) 73
(37,6) (37,7) 33
(38,6) (38,7) 90
(39,6) (39,7) 66
(40,6) (40,7) 77
(1,7) (1,8) 69
(2,7) (2,8) 38
(3,7) (3,8) 28
(4,7) (4,8) 97
(5,7) (5,8) 42
(6,7) (6,8) 64
(7,7) (7,8) 99
(8,7) (8,8) 20
(9,7) (9,8) 72
(10,7) (10,8) 98
(11,7) (11,8) 23
(12,7) (12,8) 62
(13,7) (13,8) 60
(14,7) (14,8) 5
(15,7) (15,8) 40
(16,7) (16,8) 91
(17,7) (17,8) 34
(18,7) (18,8) 37
(19,7) (19,8) 38
(20,7) (20,8) 57
(21,7) (21,8) 37
(22,7) (22,8) 93
(23,7) (23,8) 92
(24,7) (24,8) 43
(25,7) (25,8) 7
(26,7) (26,8) 19
(27,7) (27,8) 87
(28,7) (28,8) 90
(29,7) (29,8) 59
(30,7) (30,8) 4
(31,7) (31,8) 85
(32,7) (32,8) 1
(33,7) (33,8) 80
(34,7) (34,8) 75
(35,7) (35,8) 21
(36,7) (36,8) 89
(37,7) (37,8) 88
(38,7) (38,8) 55
(39,7) (39,8) 71
(40,7) (40,8) 40
(1,8) (1,9) 35
(2,8) (2,9) 82
(3,8) (3,9) 75
(4,8) (4,9) 52
(5,8) (5,9) 59
(6,8) (6,9) 33
(7,8) (7,9) 42
(8,8) (8,9) 18
(9,8) (9,9) 40
(10,8) (10,9) 59
(11,8) (11,9) 65
(12,8) (12,9) 40
(13,8) (13,9) 21
(14,8) (14,9) 39
(15,8) (15,9) 26
(16,8) (16,9) 73
(17,8) (17,9) 73
(18,8) (18,9) 58
(19,8) (19,9) 7
(20,8) (20,9) 1
(21,8) (21,9) 45
(22,8) (22,9) 37
(23,8) (23,9) 18
(24,8) (24,9) 14
(25,8) (25,9) 11
(26,8) (26,9) 83
(27,8) (27,9) 87
(28,8) (28,9) 85
(29,8) (29,9) 8
(30,8) (30,9) 15
(31,8) (31,9) 36
(32,8) (32,9) 1
(33,8) (33,9) 11
(34,8) (34,9) 78
(35,8) (35,9) 78
(36,8) (36,9) 57
(37,8) (37,9) 12
(38,8) (38,9) 12
(39,8) (39,9) 62
(40,8) (40,9) 93
(1,9) (1,10) 65
(2,9) (2,10) 30
(3,9) (3,10) 31
(4,9) (4,10) 49
(5,9) (5,10) 24
(6,9) (6,10) 91
(7,9) (7,10) 40
(8,9) (8,10) 18
(9,9) (9,10) 43
(10,9) (10,10) 59
(11,9) (11,10) 87
(12,9) (12,10) 2
(13,9) (13,10) 70
(14,9) (14,10) 90
(15,9) (15,10) 35
(16,9) (16,10) 78
(17,9) (17,10) 26
(18,9) (18,10) 62
(19,9) (19,10) 55
(20,9) (20,10) 71
(21,9) (21,10) 84
(22,9) (22,10) 61
(23,9) (23,10) 55
(24,9) (24,10) 75
(25,9) (25,10) 40
(26,9) (26,10) 73
(27,9) (27,10) 68
(28,9) (28,10) 78
(29,9) (29,10) 3
(30,9) (30,10) 89
(31,9) (31,10) 62
(32,9) (32,10) 73
(33,9) (33,10) 48
(34,9) (34,10) 57
(35,9) (35,10) 81
(36,9) (36,10) 54
(37,9) (37,10) 46
(38,9) (38,10) 67
(39,9) (39,10) 86
(40,9) (40,10) 82
(1,10) (1,11) 8
(2,10) (2,11) 6
(3,10) (3,11) 35
(4,10) (4,11) 73
(5,10) (5,11) 32
(6,10) (6,11) 52
(7,10) (7,11) 46
(8,10) (8,11) 20
(9,10) (9,11) 30
(10,10) (10,11) 99
(11,10) (11,11) 96
(12,10) (12,11) 85
(13,10) (13,11) 69
(14,10) (14,11) 44
(15,10) (15,11) 97
(16,10) (16,11) 51
(17,10) (17,11) 54
(18,10) (18,11) 72
(19,10) (19,11) 44
(20,10) (20,11) 55
(21,10) (21,11) 4
(22,10) (22,11) 12
(23,10) (23,11) 56
(24,10) (24,11) 32
(25,10) (25,11) 45
(26,10) (26,11) 37
(27,10) (27,11) 19
(28,10) (28,11) 49
(29,10) (29,11) 3
(30,10) (30,11) 94
(31,10) (31,11) 24
(32,10) (32,11) 58
(33,10) (33,11) 65
(34,10) (34,11) 90
(35,10) (35,11) 28
(36,10) (36,11) 9
(37,10) (37,11) 21
(38,10) (38,11) 58
(39,10) (39,11) 61
(40,10) (40,11) 10
(1,11) (1,12) 30
(2,11) (2,12) 91
(3,11) (3,12) 62
(4,11) (4,12) 57
(5,11) (5,12) 38
(6,11) (6,12) 56
(7,11) (7,12) 68
(8,11) (8,12) 96
(9,11) (9,12) 13
(10,11) (10,12) 51
(11,11) (11,12) 59
(12,11) (12,12) 77
(13,11) (13,12) 43
(14,11) (14,12) 74
(15,11) (15,12) 86
(16,11) (16,12) 62
(17,11) (17,12) 48
(18,11) (18,12) 6
(19,11) (19,12) 100
(20,11) (20,12) 4
(21,11) (21,12) 27
(22,11) (22,12) 28
(23,11) (23,12) 58
(24,11) (24,12) 49
(25,11) (25,12) 64
(26,11) (26,12) 36
(27,11) (27,12) 93
(28,11) (28,12) 36
(29,11) (29,12) 94
(30,11) (30,12) 52
(31,11) (31,12) 66
(32,11) (32,12) 36
(33,11) (33,12) 46
(34,11) (34,12) 25
(35,11) (35,12) 11
(36,11) (36,12) 40
(37,11) (37,12) 41
(38,11) (38,12) 69
(39,11) (39,12) 42
(40,11) (40,12) 54
(1,12) (1,13) 98
(2,12) (2,13) 69
(3,12) (3,13) 80
(4,12) (4,13) 26
(5,12) (5,13) 67
(6,12) (6,13) 69
(7,12) (7,13) 46
(8,12) (8,13) 66
(9,12) (9,13) 22
(10,12) (10,13) 11
(11,12) (11,13) 88
(12,12) (12,13) 96
(13,12) (13,13) 5
(14,12) (14,13) 97
(15,12) (15,13) 24
(16,12) (16,13) 84
(17,12) (17,13) 83
(18,12) (18,13) 80
(19,12) (19,13) 23
(20,12) (20,13) 80
(21,12) (21,13) 82
(22,12) (22,13) 14
(23,12) (23,13) 3
(24,12) (24,13) 38
(25,12) (25,13) 10
(26,12) (26,13) 51
(27,12) (27,13) 16
(28,12) (28,13) 94
(29,12) (29,13) 28
(30,12) (30,13) 75
(31,12) (31,13) 33
(32,12) (32,13) 62
(33,12) (33,13) 88
(34,12) (34,13) 15
(35,12) (35,13) 64
(36,12) (36,13) 34
(37,12) (37,13) 1
(38,12) (38,13) 71
(39,12) (39,13) 86
(40,12) (40,13) 88
(1,13) (1,14) 78
(2,13) (2,14) 33
(3,13) (3,14) 84
(4,13) (4,14) 73
(5,13) (5,14) 42
(6,13) (6,14) 73
(7,13) (7,14) 22
(8,13) (8,14) 10
(9,13) (9,14) 46
(10,13) (10,14) 90
(11,13) (11,14) 54
(12,13) (12,14) 71
(13,13) (13,14) 19
(14,13) (14,14) 80
(15,13) (15,14) 18
(16,13) (16,14) 22
(17,13) (17,14) 3
(18,13) (18,14) 18
(19,13) (19,14) 72
(20,13) (20,14) 79
(21,13) (21,14) 44
(22,13) (22,14) 62
(23,13) (23,14) 91
(24,13) (24,14) 59
(25,13) (25,14) 92
(26,13) (26,14) 97
(27,13) (27,14) 10
(28,13) (28,14) 75
(29,13) (29,14) 73
(30,13) (30,14) 39
(31,13) (31,14) 81
(32,13) (32,14) 77
(33,13) (33,14) 77
(34,13) (34,14) 44
(35,13) (35,14) 88
(36,13) (36,14) 71
(37,13) (37,14) 2
(38,13) (38,14) 13
(39,13) (39,14) 76
(40,13) (40,14) 3
(1,14) (1,15) 95
(2,14) (2,15) 69
(3,14) (3,15) 45
(4,14) (4,15) 19
(5,14) (5,15) 31
(6,14) (6,15) 50
(7,14) (7,15) 98
(8,14) (8,15) 89
(9,14) (9,15) 36
(10,14) (10,15) 89
(11,14) (11,15) 69
(12,14) (12,15) 19
(13,14) (13,15) 57
(14,14) (14,15) 75
(15,14) (15,15) 54
(16,14) (16,15) 62
(17,14) (17,15) 37
(18,14) (18,15) 94
(19,14) (19,15) 15
(20,14) (20,15) 100
(21,14) (21,15) 58
(22,14) (22,15) 85
(23,14) (23,15) 30
(24,14) (24,15) 32
(25,14) (25,15) 1
(26,14) (26,15) 44
(27,14) (27,15) 23
(28,14) (28,15) 42
(29,14) (29,15) 37
(30,14) (30,15) 39
(31,14) (31,15) 50
(32,14) (32,15) 92
(33,14) (33,15) 4
(34,14) (34,15) 25
(35,14) (35,15) 73
(36,14) (36,15) 25
(37,14) (37,15) 51
(38,14) (38,15) 69
(39,14) (39,15) 86
(40,14) (40,15) 97
(1,15) (1,16) 21
(2,15) (2,16) 78
(3,15) (3,16) 63
(4,15) (4,16) 82
(5,15) (5,16) 66
(6,15) (6,16) 17
(7,15) (7,16) 76
(8,15) (8,16) 82
(9,15) (9,16) 31
(10,15) (10,16) 7
(11,15) (11,16) 54
(12,15) (12,16) 65
(13,15) (13,16) 18
(14,15) (14,16) 17
(15,15) (15,16) 15
(16,15) (16,16) 38
(17,15) (17,16) 20
(18,15) (18,16) 36
(19,15) (19,16) 1
(20,15) (20,16) 17
(21,15) (21,16) 54
(22,15) (22,16) 93
(23,15) (23,16) 64
(24,15) (24,16) 89
(25,15) (25,16) 16
(26,15) (26,16) 52
(27,15) (27,16) 65
(28,15) (28,16) 85
(29,15) (29,16) 75
(30,15) (30,16) 43
(31,15) (31,16) 92
(32,15) (32,16) 89
(33,15) (33,16) 31
(34,15) (34,16) 66
(35,15) (35,16) 47
(36,15) (36,16) 55
(37,15) (37,16) 37
(38,15) (38,16) 51
(39,15) (39,16) 7
(40,15) (40,16) 7
(1,16) (1,17) 38
(2,16) (2,17) 76
(3,16) (3,17) 80
(4,16) (4,17) 65
(5,16) (5,17) 91
(6,16) (6,17) 11
(7,16) (7,17) 39
(8,16) (8,17) 38
(9,16) (9,17) 13
(10,16) (10,17) 4
(11,16) (11,17) 84
(12,16) (12,17) 42
(13,16) (13,17) 91
(14,16) (14,17) 14
(15,16) (15,17) 30
(16,16) (16,17) 60
(17,16) (17,17) 56
(18,16) (18,17) 84
(19,16) (19,17) 1
(20,16) (20,17) 51
(21,16) (21,17) 51
(22,16) (22,17) 2
(23,16) (23,17) 63
(24,16) (24,17) 46
(25,16) (25,17) 49
(26,16) (26,17) 85
(27,16) (27,17) 72
(28,16) (28,17) 12
(29,16) (29,17) 88
(30,16) (30,17) 87
(31,16) (31,17) 53
(32,16) (32,17) 22
(33,16) (33,17) 6
(34,16) (34,17) 32
(35,16) (35,17) 89
(36,16) (36,17) 2
(37,16) (37,17) 26
(38,16) (38,17) 39
(39,16) (39,17) 21
(40,16) (40,17) 32
(1,17) (1,18) 97
(2,17) (2,18) 10
(3,17) (3,18) 45
(4,17) (4,18) 88
(5,17) (5,18) 50
(6,17) (6,18) 46
(7,17) (7,18) 56
(8,17) (8,18) 43
(9,17) (9,18) 54
(10,17) (10,18) 73
(11,17) (11,18) 63
(12,17) (12,18) 63
(13,17) (13,18) 62
(14,17) (14,18) 29
(15,17) (15,18) 75
(16,17) (16,18) 63
(17,17) (17,18) 23
(18,17) (18,18) 74
(19,17) (19,18) 39
(20,17) (20,18) 15
(21,17) (21,18) 12
(22,17) (22,18) 97
(23,17) (23,18) 73
(24,17) (24,18) 10
(25,17) (25,18) 76
(26,17) (26,18) 40
(27,17) (27,18) 48
(28,17) (28,18) 2
(29,17) (29,18) 83
(30,17) (30,18) 34
(31,17) (31,18) 35
(32,17) (32,18) 73
(33,17) (33,18) 55
(34,17) (34,18) 20
(35,17) (35,18) 95
(36,17) (36,18) 38
(37,17) (37,18) 47
(38,17) (38,18) 77
(39,17) (39,18) 82
(40,17) (40,18) 34
(1,18) (1,19) 80
(2,18) (2,19) 68
(3,18) (3,19) 40
(4,18) (4,19) 17
(5,18) (5,19) 49
(6,18) (6,19) 92
(7,18) (7,19) 100
(8,18) (8,19) 44
(9,18) (9,19) 81
(10,18) (10,19) 82
(11,18) (11,19) 12
(12,18) (12,19) 54
(13,18) (13,19) 13
(14,18) (14,19) 35
(15,18) (15,19) 30
(16,18) (16,19) 80
(17,18) (17,19) 91
(18,18) (18,19) 4
(19,18) (19,19) 49
(20,18) (20,19) 26
(21,18) (21,19) 9
(22,18) (22,19) 63
(23,18) (23,19) 44
(24,18) (24,19) 84
(25,18) (25,19) 67
(26,18) (26,19) 54
(27,18) (27,19) 19
(28,18) (28,19) 5
(29,18) (29,19) 44
(30,18) (30,19) 96
(31,18) (31,19) 5
(32,18) (32,19) 100
(33,18) (33,19) 29
(34,18) (34,19) 85
(35,18) (35,19) 95
(36,18) (36,19) 61
(37,18) (37,19) 4
(38,18) (38,19) 36
(39,18) (39,19) 77
(40,18) (40,19) 78
(1,19) (1,20) 24
(2,19) (2,20) 56
(3,19) (3,20) 62
(4,19) (4,20) 31
(5,19) (5,20) 2
(6,19) (6,20) 94
(7,19) (7,20) 62
(8,19) (8,20) 59
(9,19) (9,20) 72
(10,19) (10,20) 11
(11,19) (11,20) 73
(12,19) (12,20) 74
(13,19) (13,20) 46
(14,19) (14,20) 78
(15,19) (15,20) 76
(16,19) (16,20) 81
(17,19) (17,20) 93
(18,19) (18,20) 30
(19,19) (19,20) 16
(20,19) (20,20) 62
(21,19) (21,20) 15
(22,19) (22,20) 41
(23,19) (23,20) 55
(24,19) (24,20) 1
(25,19) (25,20) 18
(26,19) (26,20) 24
(27,19) (27,20) 21
(28,19) (28,20) 30
(29,19) (29,20) 75
(30,19) (30,20) 83
(31,19) (31,20) 96
(32,19) (32,20) 76
(33,19) (33,20) 83
(34,19) (34,20) 97
(35,19) (35,20) 13
(36,19) (36,20) 19
(37,19) (37,20) 76
(38,19) (38,20) 99
(39,19) (39,20) 60
(40,19) (40,20) 100
(1,1) (2,1) 57
(2,1) (1,1) 22
(2,1) (3,1) 76
(3,1) (2,1) 39
(3,1) (4,1) 100
(4,1) (3,1) 39
(4,1) (5,1) 95
(5,1) (4,1) 57
(5,1) (6,1) 22
(6,1) (5,1) 74
(6,1) (7,1) 75
(7,1) (6,1) 71
(7,1) (8,1) 2
(8,1) (7,1) 62
(8,1) (9,1) 21
(9,1) (8,1) 26
(9,1) (10,1) 2
(10,1) (9,1) 20
(10,1) (11,1) 73
(11,1) (10,1) 6
(11,1) (12,1) 41
(12,1) (11,1) 47
(12,1) (13,1) 72
(13,1) (12,1) 51
(13,1) (14,1) 22
(14,1) (13,1) 53
(14,1) (15,1) 10
(15,1) (14,1) 31
(15,1) (16,1) 7
(16,1) (15,1) 45
(16,1) (17,1) 16
(17,1) (16,1) 22
(17,1) (18,1) 24
(18,1) (17,1) 61
(18,1) (19,1) 85
(19,1) (18,1) 46
(19,1) (20,1) 100
(20,1) (19,1) 58
(20,1) (21,1) 77
(21,1) (20,1) 72
(21,1) (22,1) 4
(22,1) (21,1) 54
(22,1) (23,1) 11
(23,1) (22,1) 13
(23,1) (24,1) 31
(24,1) (23,1) 66
(24,1) (25,1) 52
(25,1) (24,1) 54
(25,1) (26,1) 41
(26,1) (25,1) 50
(26,1) (27,1) 85
(27,1) (26,1) 15
(27,1) (28,1) 87
(28,1) (27,1) 47
(28,1) (29,1) 65
(29,1) (28,1) 90
(29,1) (30,1) 41
(30,1) (29,1) 12
(30,1) (31,1) 29
(31,1) (30,1) 53
(31,1) (32,1) 55
(32,1) (31,1) 12
(32,1) (33,1) 33
(33,1) (32,1) 21
(33,1) (34,1) 76
(34,1) (33,1) 11
(34,1) (35,1) 76
(35,1) (34,1) 54
(35,1) (36,1) 77
(36,1) (35,1) 63
(36,1) (37,1) 22
(37,1) (36,1) 64
(37,1) (38,1) 50
(38,1) (37,1) 51
(38,1) (39,1) 94
(39,1) (38,1) 12
(39,1) (40,1) 78
(40,1) (39,1) 97
(1,2) (2,2) 6
(2,2) (1,2) 81
(2,2) (3,2) 27
(3,2) (2,2) 18
(3,2) (4,2) 57
(4,2) (3,2) 7
(4,2) (5,2) 1
(5,2) (4,2) 87
(5,2) (6,2) 99
(6,2) (5,2) 82
(6,2) (7,2) 17
(7,2) (6,2) 53
(7,2) (8,2) 17
(8,2) (7,2) 90
(8,2) (9,2) 36
(9,2) (8,2) 96
(9,2) (10,2) 57
(10,2) (9,2) 34
(10,2) (11,2) 2
(11,2) (10,2) 85
(11,2) (12,2) 7
(12,2) (11,2) 22
(12,2) (13,2) 17
(13,2) (12,2) 79
(13,2) (14,2) 66
(14,2) (13,2) 4
(14,2) (15,2) 81
(15,2) (14,2) 77
(15,2) (16,2) 24
(16,2) (15,2) 72
(16,2) (17,2) 69
(17,2) (16,2) 79
(17,2) (18,2) 72
(18,2) (17,2) 96
(18,2) (19,2) 25
(19,2) (18,2) 51
(19,2) (20,2) 86
(20,2) (19,2) 12
(20,2) (21,2) 27
(21,2) (20,2) 99
(21,2) (22,2) 62
(22,2) (21,2) 41
(22,2) (23,2) 21
(23,2) (22,2) 88
(23,2) (24,2) 87
(24,2) (23,2) 73
(24,2) (25,2) 85
(25,2) (24,2) 49
(25,2) (26,2) 3
(26,2) (25,2) 92
(26,2) (27,2) 69
(27,2) (26,2) 14
(27,2) (28,2) 15
(28,2) (27,2) 58
(28,2) (29,2) 86
(29,2) (28,2) 36
(29,2) (30,2) 85
(30,2) (29,2) 81
(30,2) (31,2) 79
(31,2) (30,2) 16
(31,2) (32,2) 74
(32,2) (31,2) 57
(32,2) (33,2) 86
(33,2) (32,2) 48
(33,2) (34,2) 31
(34,2) (33,2) 6
(34,2) (35,2) 14
(35,2) (34,2) 70
(35,2) (36,2) 11
(36,2) (35,2) 83
(36,2) (37,2) 41
(37,2) (36,2) 75
(37,2) (38,2) 38
(38,2) (37,2) 78
(38,2) (39,2) 98
(39,2) (38,2) 59
(39,2) (40,2) 70
(40,2) (39,2) 88
(1,3) (2,3) 68
(2,3) (1,3) 88
(2,3) (3,3) 71
(3,3) (2,3) 99
(3,3) (4,3) 17
(4,3) (3,3) 92
(4,3) (5,3) 46
(5,3) (4,3) 77
(5,3) (6,3) 85
(6,3) (5,3) 4
(6,3) (7,3) 43
(7,3) (6,3) 33
(7,3) (8,3) 95
(8,3) (7,3) 11
(8,3) (9,3) 39
(9,3) (8,3) 22
(9,3) (10,3) 38
(10,3) (9,3) 9
(10,3) (11,3) 9
(11,3) (10,3) 92
(11,3) (12,3) 2
(12,3) (11,3) 70
(12,3) (13,3) 53
(13,3) (12,3) 28
(13,3) (14,3) 74
(14,3) (13,3) 35
(14,3) (15,3) 67
(15,3) (14,3) 18
(15,3) (16,3) 70
(16,3) (15,3) 76
(16,3) (17,3) 27
(17,3) (16,3) 58
(17,3) (18,3) 10
(18,3) (17,3) 63
(18,3) (19,3) 1
(19,3) (18,3) 92
(19,3) (20,3) 38
(20,3) (19,3) 17
(20,3) (21,3) 88
(21,3) (20,3) 33
(21,3) (22,3) 34
(22,3) (21,3) 30
(22,3) (23,3) 52
(23,3) (22,3) 92
(23,3) (24,3) 5
(24,3) (23,3) 87
(24,3) (25,3) 92
(25,3) (24,3) 1
(25,3) (26,3) 37
(26,3) (25,3) 65
(26,3) (27,3) 4
(27,3) (26,3) 57
(27,3) (28,3) 89
(28,3) (27,3) 33
(28,3) (29,3) 72
(29,3) (28,3) 55
(29,3) (30,3) 20
(30,3) (29,3) 84
(30,3) (31,3) 57
(31,3) (30,3) 16
(31,3) (32,3) 99
(32,3) (31,3) 16
(32,3) (33,3) 41
(33,3) (32,3) 86
(33,3) (34,3) 14
(34,3) (33,3) 4
(34,3) (35,3) 25
(35,3) (34,3) 34
(35,3) (36,3) 37
(36,3) (35,3) 45
(36,3) (37,3) 81
(37,3) (36,3) 20
(37,3) (38,3) 68
(38,3) (37,3) 70
(38,3) (39,3) 96
(39,3) (38,3) 36
(39,3) (40,3) 74
(40,3) (39,3) 56
(1,4) (2,4) 29
(2,4) (1,4) 40
(2,4) (3,4) 71
(3,4) (2,4) 35
(3,4) (4,4) 50
(4,4) (3,4) 38
(4,4) (5,4) 48
(5,4) (4,4) 80
(5,4) (6,4) 67
(6,4) (5,4) 68
(6,4) (7,4) 72
(7,4) (6,4) 25
(7,4) (8,4) 93
(8,4) (7,4) 73
(8,4) (9,4) 13
(9,4) (8,4) 10
(9,4) (10,4) 33
(10,4) (9,4) 38
(10,4) (11,4) 75
(11,4) (10,4) 66
(11,4) (12,4) 35
(12,4) (11,4) 22
(12,4) (13,4) 37
(13,4) (12,4) 61
(13,4) (14,4) 87
(14,4) (13,4) 44
(14,4) (15,4) 29
(15,4) (14,4) 73
(15,4) (16,4) 91
(16,4) (15,4) 20
(16,4) (17,4) 72
(17,4) (16,4) 69
(17,4) (18,4) 17
(18,4) (17,4) 81
(18,4) (19,4) 99
(19,4) (18,4) 33
(19,4) (20,4) 85
(20,4) (19,4) 66
(20,4) (21,4) 98
(21,4) (20,4) 42
(21,4) (22,4) 82
(22,4) (21,4) 91
(22,4) (23,4) 21
(23,4) (22,4) 9
(23,4) (24,4) 21
(24,4) (23,4) 95
(24,4) (25,4) 50
(25,4) (24,4) 95
(25,4) (26,4) 86
(26,4) (25,4) 52
(26,4) (27,4) 68
(27,4) (26,4) 49
(27,4) (28,4) 75
(28,4) (27,4) 47
(28,4) (29,4) 86
(29,4) (28,4) 77
(29,4) (30,4) 29
(30,4) (29,4) 11
(30,4) (31,4) 51
(31,4) (30,4) 45
(31,4) (32,4) 93
(32,4) (31,4) 33
(32,4) (33,4) 42
(33,4) (32,4) 39
(33,4) (34,4) 89
(34,4) (33,4) 98
(34,4) (35,4) 34
(35,4) (34,4) 94
(35,4) (36,4) 19
(36,4) (35,4) 13
(36,4) (37,4) 68
(37,4) (36,4) 81
(37,4) (38,4) 87
(38,4) (37,4) 11
(38,4) (39,4) 62
(39,4) (38,4) 6
(39,4) (40,4) 34
(40,4) (39,4) 9
(1,5) (2,5) 32
(2,5) (1,5) 43
(2,5) (3,5) 85
(3,5) (2,5) 33
(3,5) (4,5) 82
(4,5) (3,5) 33
(4,5) (5,5) 37
(5,5) (4,5) 6
(5,5) (6,5) 68
(6,5) (5,5) 13
(6,5) (7,5) 5
(7,5) (6,5) 86
(7,5) (8,5) 11
(8,5) (7,5) 92
(8,5) (9,5) 3
(9,5) (8,5) 1
(9,5) (10,5) 21
(10,5) (9,5) 69
(10,5) (11,5) 84
(11,5) (10,5) 40
(11,5) (12,5) 56
(12,5) (11,5) 63
(12,5) (13,5) 62
(13,5) (12,5) 96
(13,5) (14,5) 84
(14,5) (13,5) 98
(14,5) (15,5) 75
(15,5) (14,5) 26
(15,5) (16,5) 58
(16,5) (15,5) 16
(16,5) (17,5) 8
(17,5) (16,5) 64
(17,5) (18,5) 74
(18,5) (17,5) 9
(18,5) (19,5) 53
(19,5) (18,5) 62
(19,5) (20,5) 21
(20,5) (19,5) 22
(20,5) (21,5) 69
(21,5) (20,5) 66
(21,5) (22,5) 88
(22,5) (21,5) 12
(22,5) (23,5) 59
(23,5) (22,5) 81
(23,5) (24,5) 68
(24,5) (23,5) 61
(24,5) (25,5) 71
(25,5) (24,5) 28
(25,5) (26,5) 71
(26,5) (25,5) 1
(26,5) (27,5) 6
(27,5) (26,5) 16
(27,5) (28,5) 1
(28,5) (27,5) 58
(28,5) (29,5) 92
(29,5) (28,5) 6
(29,5) (30,5) 100
(30,5) (29,5) 8
(30,5) (31,5) 60
(31,5) (30,5) 2
(31,5) (32,5) 34
(32,5) (31,5) 65
(32,5) (33,5) 55
(33,5) (32,5) 91
(33,5) (34,5) 88
(34,5) (33,5) 70
(34,5) (35,5) 71
(35,5) (34,5) 57
(35,5) (36,5) 29
(36,5) (35,5) 13
(36,5) (37,5) 24
(37,5) (36,5) 99
(37,5) (38,5) 41
(38,5) (37,5) 39
(38,5) (39,5) 72
(39,5) (38,5) 44
(39,5) (40,5) 8
(40,5) (39,5) 75
(1,6) (2,6) 30
(2,6) (1,6) 49
(2,6) (3,6) 47
(3,6) (2,6) 64
(3,6) (4,6) 97
(4,6) (3,6) 36
(4,6) (5,6) 41
(5,6) (4,6) 89
(5,6) (6,6) 43
(6,6) (5,6) 84
(6,6) (7,6) 59
(7,6) (6,6) 13
(7,6) (8,6) 38
(8,6) (7,6) 33
(8,6) (9,6) 66
(9,6) (8,6) 78
(9,6) (10,6) 88
(10,6) (9,6) 7
(10,6) (11,6) 87
(11,6) (10,6) 14
(11,6) (12,6) 43
(12,6) (11,6) 11
(12,6) (13,6) 41
(13,6) (12,6) 16
(13,6) (14,6) 68
(14,6) (13,6) 86
(14,6) (15,6) 83
(15,6) (14,6) 49
(15,6) (16,6) 79
(16,6) (15,6) 87
(16,6) (17,6) 81
(17,6) (16,6) 41
(17,6) (18,6) 53
(18,6) (17,6) 56
(18,6) (19,6) 41
(19,6) (18,6) 1
(19,6) (20,6) 82
(20,6) (19,6) 1
(20,6) (21,6) 35
(21,6) (20,6) 11
(21,6) (22,6) 14
(22,6) (21,6) 89
(22,6) (23,6) 38
(23,6) (22,6) 18
(23,6) (24,6) 84
(24,6) (23,6) 17
(24,6) (25,6) 38
(25,6) (24,6) 52
(25,6) (26,6) 25
(26,6) (25,6) 11
(26,6) (27,6) 18
(27,6) (26,6) 28
(27,6) (28,6) 20
(28,6) (27,6) 28
(28,6) (29,6) 34
(29,6) (28,6) 5
(29,6) (30,6) 78
(30,6) (29,6) 18
(30,6) (31,6) 95
(31,6) (30,6) 91
(31,6) (32,6) 89
(32,6) (31,6) 18
(32,6) (33,6) 48
(33,6) (32,6) 96
(33,6) (34,6) 66
(34,6) (33,6) 30
(34,6) (35,6) 14
(35,6) (34,6) 42
(35,6) (36,6) 16
(36,6) (35,6) 90
(36,6) (37,6) 72
(37,6) (36,6) 43
(37,6) (38,6) 65
(38,6) (37,6) 17
(38,6) (39,6) 27
(39,6) (38,6) 6
(39,6) (40,6) 31
(40,6) (39,6) 19
(1,7) (2,7) 69
(2,7) (1,7) 90
(2,7) (3,7) 23
(3,7) (2,7) 91
(3,7) (4,7) 89
(4,7) (3,7) 41
(4,7) (5,7) 98
(5,7) (4,7) 84
(5,7) (6,7) 24
(6,7) (5,7) 71
(6,7) (7,7) 26
(7,7) (6,7) 20
(7,7) (8,7) 100
(8,7) (7,7) 9
(8,7) (9,7) 86
(9,7) (8,7) 4
(9,7) (10,7) 29
(10,7) (9,7) 69
(10,7) (11,7) 62
(11,7) (10,7) 62
(11,7) (12,7) 28
(12,7) (11,7) 48
(12,7) (13,7) 64
(13,7) (12,7) 17
(13,7) (14,7) 84
(14,7) (13,7) 47
(14,7) (15,7) 91
(15,7) (14,7) 89
(15,7) (16,7) 48
(16,7) (15,7) 23
(16,7) (17,7) 22
(17,7) (16,7) 27
(17,7) (18,7) 96
(18,7) (17,7) 88
(18,7) (19,7) 11
(19,7) (18,7) 68
(19,7) (20,7) 32
(20,7) (19,7) 57
(20,7) (21,7) 26
(21,7) (20,7) 2
(21,7) (22,7) 95
(22,7) (21,7) 46
(22,7) (23,7) 92
(23,7) (22,7) 35
(23,7) (24,7) 22
(24,7) (23,7) 82
(24,7) (25,7) 37
(25,7) (24,7) 55
(25,7) (26,7) 36
(26,7) (25,7) 33
(26,7) (27,7) 90
(27,7) (26,7) 72
(27,7) (28,7) 49
(28,7) (27,7) 6
(28,7) (29,7) 41
(29,7) (28,7) 9
(29,7) (30,7) 7
(30,7) (29,7) 31
(30,7) (31,7) 10
(31,7) (30,7) 52
(31,7) (32,7) 61
(32,7) (31,7) 38
(32,7) (33,7) 6
(33,7) (32,7) 69
(33,7) (34,7) 19
(34,7) (33,7) 46
(34,7) (35,7) 19
(35,7) (34,7) 33
(35,7) (36,7) 32
(36,7) (35,7) 95
(36,7) (37,7) 52
(37,7) (36,7) 36
(37,7) (38,7) 95
(38,7) (37,7) 95
(38,7) (39,7) 93
(39,7) (38,7) 23
(39,7) (40,7) 93
(40,7) (39,7) 51
(1,8) (2,8) 70
(2,8) (1,8) 57
(2,8) (3,8) 76
(3,8) (2,8) 38
(3,8) (4,8) 64
(4,8) (3,8) 57
(4,8) (5,8) 33
(5,8) (4,8) 61
(5,8) (6,8) 93
(6,8) (5,8) 6
(6,8) (7,8) 96
(7,8) (6,8) 89
(7,8) (8,8) 85
(8,8) (7,8) 63
(8,8) (9,8) 28
(9,8) (8,8) 86
(9,8) (10,8) 46
(10,8) (9,8) 37
(10,8) (11,8) 10
(11,8) (10,8) 64
(11,8) (12,8) 93
(12,8) (11,8) 59
(12,8) (13,8) 100
(13,8) (12,8) 20
(13,8) (14,8) 67
(14,8) (13,8) 12
(14,8) (15,8) 47
(15,8) (14,8) 12
(15,8) (16,8) 59
(16,8) (15,8) 61
(16,8) (17,8) 14
(17,8) (16,8) 72
(17,8) (18,8) 79
(18,8) (17,8) 4
(18,8) (19,8) 86
(19,8) (18,8) 74
(19,8) (20,8) 2
(20,8) (19,8) 68
(20,8) (21,8) 30
(21,8) (20,8) 73
(21,8) (22,8) 32
(22,8) (21,8) 11
(22,8) (23,8) 60
(23,8) (22,8) 19
(23,8) (24,8) 32
(24,8) (23,8) 69
(24,8) (25,8) 55
(25,8) (24,8) 88
(25,8) (26,8) 67
(26,8) (25,8) 15
(26,8) (27,8) 81
(27,8) (26,8) 75
(27,8) (28,8) 43
(28,8) (27,8) 69
(28,8) (29,8) 36
(29,8) (28,8) 40
(29,8) (30,8) 24
(30,8) (29,8) 96
(30,8) (31,8) 28
(31,8) (30,8) 95
(31,8) (32,8) 59
(32,8) (31,8) 76
(32,8) (33,8) 48
(33,8) (32,8) 41
(33,8) (34,8) 81
(34,8) (33,8) 34
(34,8) (35,8) 42
(35,8) (34,8) 88
(35,8) (36,8) 62
(36,8) (35,8) 30
(36,8) (37,8) 86
(37,8) (36,8) 78
(37,8) (38,8) 19
(38,8) (37,8) 81
(38,8) (39,8) 83
(39,8) (38,8) 3
(39,8) (40,8) 83
(40,8) (39,8) 10
(1,9) (2,9) 85
(2,9) (1,9) 96
(2,9) (3,9) 85
(3,9) (2,9) 23
(3,9) (4,9) 83
(4,9) (3,9) 5
(4,9) (5,9) 51
(5,9) (4,9) 43
(5,9) (6,9) 1
(6,9) (5,9) 34
(6,9) (7,9) 2
(7,9) (6,9) 70
(7,9) (8,9) 30
(8,9) (7,9) 27
(8,9) (9,9) 94
(9,9) (8,9) 77
(9,9) (10,9) 23
(10,9) (9,9) 25
(10,9) (11,9) 54
(11,9) (10,9) 24
(11,9) (12,9) 36
(12,9) (11,9) 80
(12,9) (13,9) 30
(13,9) (12,9) 46
(13,9) (14,9) 97
(14,9) (13,9) 15
(14,9) (15,9) 97
(15,9) (14,9) 77
(15,9) (16,9) 25
(16,9) (15,9) 91
(16,9) (17,9) 50
(17,9) (16,9) 3
(17,9) (18,9) 39
(18,9) (17,9) 97
(18,9) (19,9) 11
(19,9) (18,9) 9
(19,9) (20,9) 85
(20,9) (19,9) 32
(20,9) (21,9) 7
(21,9) (20,9) 90
(21,9) (22,9) 42
(22,9) (21,9) 83
(22,9) (23,9) 46
(23,9) (22,9) 19
(23,9) (24,9) 73
(24,9) (23,9) 19
(24,9) (25,9) 42
(25,9) (24,9) 27
(25,9) (26,9) 88
(26,9) (25,9) 36
(26,9) (27,9) 26
(27,9) (26,9) 86
(27,9) (28,9) 79
(28,9) (27,9) 87
(28,9) (29,9) 48
(29,9) (28,9) 33
(29,9) (30,9) 17
(30,9) (29,9) 57
(30,9) (31,9) 15
(31,9) (30,9) 61
(31,9) (32,9) 58
(32,9) (31,9) 82
(32,9) (33,9) 48
(33,9) (32,9) 19
(33,9) (34,9) 79
(34,9) (33,9) 36
(34,9) (35,9) 85
(35,9) (34,9) 48
(35,9) (36,9) 51
(36,9) (35,9) 55
(36,9) (37,9) 81
(37,9) (36,9) 45
(37,9) (38,9) 51
(38,9) (37,9) 18
(38,9) (39,9) 55
(39,9) (38,9) 80
(39,9) (40,9) 44
(40,9) (39,9) 89
(1,10) (2,10) 53
(2,10) (1,10) 46
(2,10) (3,10) 34
(3,10) (2,10) 80
(3,10) (4,10) 4
(4,10) (3,10) 52
(4,10) (5,10) 97
(5,10) (4,10) 95
(5,10) (6,10) 42
(6,10) (5,10) 49
(6,10) (7,10) 72
(7,10) (6,10) 27
(7,10) (8,10) 57
(8,10) (7,10) 98
(8,10) (9,10) 73
(9,10) (8,10) 12
(9,10) (10,10) 55
(10,10) (9,10) 43
(10,10) (11,10) 87
(11,10) (10,10) 21
(11,10) (12,10) 100
(12,10) (11,10) 62
(12,10) (13,10) 49
(13,10) (12,10) 70
(13,10) (14,10) 63
(14,10) (13,10) 93
(14,10) (15,10) 80
(15,10) (14,10) 89
(15,10) (16,10) 98
(16,10) (15,10) 63
(16,10) (17,10) 4
(17,10) (16,10) 21
(17,10) (18,10) 57
(18,10) (17,10) 95
(18,10) (19,10) 57
(19,10) (18,10) 87
(19,10) (20,10) 49
(20,10) (19,10) 90
(20,10) (21,10) 72
(21,10) (20,10) 86
(21,10) (22,10) 38
(22,10) (21,10) 53
(22,10) (23,10) 73
(23,10) (22,10) 42
(23,10) (24,10) 74
(24,10) (23,10) 56
(24,10) (25,10) 83
(25,10) (24,10) 46
(25,10) (26,10) 90
(26,10) (25,10) 46
(26,10) (27,10) 83
(27,10) (26,10) 71
(27,10) (28,10) 88
(28,10) (27,10) 25
(28,10) (29,10) 46
(29,10) (28,10) 65
(29,10) (30,10) 63
(30,10) (29,10) 1
(30,10) (31,10) 74
(31,10) (30,10) 58
(31,10) (32,10) 58
(32,10) (31,10) 25
(32,10) (33,10) 77
(33,10) (32,10) 17
(33,10) (34,10) 88
(34,10) (33,10) 65
(34,10) (35,10) 81
(35,10) (34,10) 25
(35,10) (36,10) 84
(36,10) (35,10) 96
(36,10) (37,10) 40
(37,10) (36,10) 83
(37,10) (38,10) 30
(38,10) (37,10) 42
(38,10) (39,10) 40
(39,10) (38,10) 98
(39,10) (40,10) 50
(40,10) (39,10) 55
(1,11) (2,11) 44
(2,11) (1,11) 10
(2,11) (3,11) 29
(3,11) (2,11) 24
(3,11) (4,11) 69
(4,11) (3,11) 11
(4,11) (5,11) 52
(5,11) (4,11) 50
(5,11) (6,11) 3
(6,11) (5,11) 5
(6,11) (7,11) 12
(7,11) (6,11) 45
(7,11) (8,11) 68
(8,11) (7,11) 25
(8,11) (9,11) 92
(9,11) (8,11) 18
(9,11) (10,11) 27
(10,11) (9,11) 11
(10,11) (11,11) 20
(11,11) (10,11) 93
(11,11) (12,11) 3
(12,11) (11,11) 92
(12,11) (13,11) 54
(13,11) (12,11) 98
(13,11) (14,11) 83
(14,11) (13,11) 86
(14,11) (15,11) 93
(15,11) (14,11) 91
(15,11) (16,11) 66
(16,11) (15,11) 94
(16,11) (17,11) 90
(17,11) (16,11) 19
(17,11) (18,11) 76
(18,11) (17,11) 2
(18,11) (19,11) 33
(19,11) (18,11) 2
(19,11) (20,11) 79
(20,11) (19,11) 5
(20,11) (21,11) 64
(21,11) (20,11) 58
(21,11) (22,11) 36
(22,11) (21,11) 100
(22,11) (23,11) 69
(23,11) (22,11) 38
(23,11) (24,11) 54
(24,11) (23,11) 15
(24,11) (25,11) 87
(25,11) (24,11) 41
(25,11) (26,11) 86
(26,11) (25,11) 37
(26,11) (27,11) 79
(27,11) (26,11) 50
(27,11) (28,11) 10
(28,11) (27,11) 38
(28,11) (29,11) 23
(29,11) (28,11) 80
(29,11) (30,11) 27
(30,11) (29,11) 23
(30,11) (31,11) 42
(31,11) (30,11) 9
(31,11) (32,11) 50
(32,11) (31,11) 51
(32,11) (33,11) 74
(33,11) (32,11) 84
(33,11) (34,11) 78
(34,11) (33,11) 64
(34,11) (35,11) 16
(35,11) (34,11) 3
(35,11) (36,11) 84
(36,11) (35,11) 88
(36,11) (37,11) 14
(37,11) (36,11) 75
(37,11) (38,11) 37
(38,11) (37,11) 8
(38,11) (39,11) 60
(39,11) (38,11) 3
(39,11) (40,11) 5
(40,11) (39,11) 60
(1,12) (2,12) 40
(2,12) (1,12) 60
(2,12) (3,12) 37
(3,12) (2,12) 61
(3,12) (4,12) 99
(4,12) (3,12) 13
(4,12) (5,12) 74
(5,12) (4,12) 23
(5,12) (6,12) 66
(6,12) (5,12) 29
(6,12) (7,12) 42
(7,12) (6,12) 14
(7,12) (8,12) 79
(8,12) (7,12) 46
(8,12) (9,12) 72
(9,12) (8,12) 93
(9,12) (10,12) 41
(10,12) (9,12) 1
(10,12) (11,12) 83
(11,12) (10,12) 62
(11,12) (12,12) 91
(12,12) (11,12) 44
(12,12) (13,12) 13
(13,12) (12,12) 37
(13,12) (14,12) 59
(14,12) (13,12) 74
(14,12) (15,12) 18
(15,12) (14,12) 12
(15,12) (16,12) 32
(16,12) (15,12) 41
(16,12) (17,12) 80
(17,12) (16,12) 24
(17,12) (18,12) 90
(18,12) (17,12) 94
(18,12) (19,12) 61
(19,12) (18,12) 2
(19,12) (20,12) 10
(20,12) (19,12) 12
(20,12) (21,12) 20
(21,12) (20,12) 97
(21,12) (22,12) 99
(22,12) (21,12) 3
(22,12) (23,12) 74
(23,12) (22,12) 71
(23,12) (24,12) 95
(24,12) (23,12) 29
(24,12) (25,12) 21
(25,12) (24,12) 39
(25,12) (26,12) 60
(26,12) (25,12) 88
(26,12) (27,12) 27
(27,12) (26,12) 59
(27,12) (28,12) 74
(28,12) (27,12) 32
(28,12) (29,12) 28
(29,12) (28,12) 88
(29,12) (30,12) 33
(30,12) (29,12) 86
(30,12) (31,12) 98
(31,12) (30,12) 48
(31,12) (32,12) 13
(32,12) (31,12) 3
(32,12) (33,12) 27
(33,12) (32,12) 90
(33,12) (34,12) 70
(34,12) (33,12) 54
(34,12) (35,12) 62
(35,12) (34,12) 32
(35,12) (36,12) 87
(36,12) (35,12) 14
(36,12) (37,12) 43
(37,12) (36,12) 18
(37,12) (38,12) 67
(38,12) (37,12) 12
(38,12) (39,12) 55
(39,12) (38,12) 7
(39,12) (40,12) 14
(40,12) (39,12) 75
(1,13) (2,13) 91
(2,13) (1,13) 26
(2,13) (3,13) 86
(3,13) (2,13) 39
(3,13) (4,13) 14
(4,13) (3,13) 88
(4,13) (5,13) 37
(5,13) (4,13) 92
(5,13) (6,13) 63
(6,13) (5,13) 44
(6,13) (7,13) 64
(7,13) (6,13) 97
(7,13) (8,13) 78
(8,13) (7,13) 56
(8,13) (9,13) 39
(9,13) (8,13) 57
(9,13) (10,13) 70
(10,13) (9,13) 79
(10,13) (11,13) 8
(11,13) (10,13) 66
(11,13) (12,13) 64
(12,13) (11,13) 72
(12,13) (13,13) 98
(13,13) (12,13) 76
(13,13) (14,13) 91
(14,13) (13,13) 42
(14,13) (15,13) 89
(15,13) (14,13) 69
(15,13) (16,13) 95
(16,13) (15,13) 77
(16,13) (17,13) 32
(17,13) (16,13) 7
(17,13) (18,13) 60
(18,13) (17,13) 14
(18,13) (19,13) 92
(19,13) (18,13) 28
(19,13) (20,13) 56
(20,13) (19,13) 47
(20,13) (21,13) 72
(21,13) (20,13) 50
(21,13) (22,13) 65
(22,13) (21,13) 74
(22,13) (23,13) 75
(23,13) (22,13) 30
(23,13) (24,13) 10
(24,13) (23,13) 12
(24,13) (25,13) 65
(25,13) (24,13) 56
(25,13) (26,13) 42
(26,13) (25,13) 98
(26,13) (27,13) 3
(27,13) (26,13) 28
(27,13) (28,13) 3
(28,13) (27,13) 84
(28,13) (29,13) 38
(29,13) (28,13) 84
(29,13) (30,13) 20
(30,13) (29,13) 63
(30,13) (31,13) 47
(31,13) (30,13) 78
(31,13) (32,13) 24
(32,13) (31,13) 21
(32,13) (33,13) 100
(33,13) (32,13) 98
(33,13) (34,13) 84
(34,13) (33,13) 26
(34,13) (35,13) 25
(35,13) (34,13) 77
(35,13) (36,13) 88
(36,13) (35,13) 74
(36,13) (37,13) 48
(37,13) (36,13) 45
(37,13) (38,13) 11
(38,13) (37,13) 14
(38,13) (39,13) 31
(39,13) (38,13) 57
(39,13) (40,13) 30
(40,13) (39,13) 1
(1,14) (2,14) 29
(2,14) (1,14) 91
(2,14) (3,14) 2
(3,14) (2,14) 96
(3,14) (4,14) 7
(4,14) (3,14) 13
(4,14) (5,14) 78
(5,14) (4,14) 90
(5,14) (6,14) 17
(6,14) (5,14) 70
(6,14) (7,14) 67
(7,14) (6,14) 55
(7,14) (8,14) 10
(8,14) (7,14) 63
(8,14) (9,14) 95
(9,14) (8,14) 15
(9,14) (10,14) 56
(10,14) (9,14) 79
(10,14) (11,14) 97
(11,14) (10,14) 35
(11,14) (12,14) 22
(12,14) (11,14) 51
(12,14) (13,14) 35
(13,14) (12,14) 35
(13,14) (14,14) 67
(14,14) (13,14) 90
(14,14) (15,14) 60
(15,14) (14,14) 99
(15,14) (16,14) 44
(16,14) (15,14) 93
(16,14) (17,14) 9
(17,14) (16,14) 69
(17,14) (18,14) 58
(18,14) (17,14) 15
(18,14) (19,14) 6
(19,14) (18,14) 61
(19,14) (20,14) 57
(20,14) (19,14) 5
(20,14) (21,14) 82
(21,14) (20,14) 49
(21,14) (22,14) 58
(22,14) (21,14) 5
(22,14) (23,14) 3
(23,14) (22,14) 18
(23,14) (24,14) 56
(24,14) (23,14) 44
(24,14) (25,14) 80
(25,14) (24,14) 39
(25,14) (26,14) 51
(26,14) (25,14) 30
(26,14) (27,14) 53
(27,14) (26,14) 33
(27,14) (28,14) 22
(28,14) (27,14) 82
(28,14) (29,14) 37
(29,14) (28,14) 16
(29,14) (30,14) 34
(30,14) (29,14) 72
(30,14) (31,14) 40
(31,14) (30,14) 2
(31,14) (32,14) 16
(32,14) (31,14) 24
(32,14) (33,14) 25
(33,14) (32,14) 66
(33,14) (34,14) 60
(34,14) (33,14) 39
(34,14) (35,14) 3
(35,14) (34,14) 85
(35,14) (36,14) 89
(36,14) (35,14) 28
(36,14) (37,14) 27
(37,14) (36,14) 45
(37,14) (38,14) 69
(38,14) (37,14) 25
(38,14) (39,14) 44
(39,14) (38,14) 97
(39,14) (40,14) 41
(40,14) (39,14) 61
(1,15) (2,15) 11
(2,15) (1,15) 33
(2,15) (3,15) 69
(3,15) (2,15) 56
(3,15) (4,15) 83
(4,15) (3,15) 31
(4,15) (5,15) 86
(5,15) (4,15) 66
(5,15) (6,15) 22
(6,15) (5,15) 16
(6,15) (7,15) 22
(7,15) (6,15) 40
(7,15) (8,15) 75
(8,15) (7,15) 47
(8,15) (9,15) 30
(9,15) (8,15) 16
(9,15) (10,15) 24
(10,15) (9,15) 11
(10,15) (11,15) 95
(11,15) (10,15) 44
(11,15) (12,15) 80
(12,15) (11,15) 47
(12,15) (13,15) 94
(13,15) (12,15) 58
(13,15) (14,15) 20
(14,15) (13,15) 6
(14,15) (15,15) 18
(15,15) (14,15) 87
(15,15) (16,15) 62
(16,15) (15,15) 32
(16,15) (17,15) 84
(17,15) (16,15) 82
(17,15) (18,15) 79
(18,15) (17,15) 54
(18,15) (19,15) 94
(19,15) (18,15) 76
(19,15) (20,15) 48
(20,15) (19,15) 2
(20,15) (21,15) 94
(21,15) (20,15) 43
(21,15) (22,15) 42
(22,15) (21,15) 83
(22,15) (23,15) 77
(23,15) (22,15) 52
(23,15) (24,15) 34
(24,15) (23,15) 89
(24,15) (25,15) 28
(25,15) (24,15) 6
(25,15) (26,15) 70
(26,15) (25,15) 100
(26,15) (27,15) 75
(27,15) (26,15) 40
(27,15) (28,15) 1
(28,15) (27,15) 83
(28,15) (29,15) 1
(29,15) (28,15) 75
(29,15) (30,15) 87
(30,15) (29,15) 72
(30,15) (31,15) 32
(31,15) (30,15) 46
(31,15) (32,15) 30
(32,15) (31,15) 79
(32,15) (33,15) 42
(33,15) (32,15) 27
(33,15) (34,15) 42
(34,15) (33,15) 16
(34,15) (35,15) 74
(35,15) (34,15) 51
(35,15) (36,15) 47
(36,15) (35,15) 70
(36,15) (37,15) 61
(37,15) (36,15) 41
(37,15) (38,15) 68
(38,15) (37,15) 30
(38,15) (39,15) 4
(39,15) (38,15) 79
(39,15) (40,15) 84
(40,15) (39,15) 65
(1,16) (2,16) 70
(2,16) (1,16) 26
(2,16) (3,16) 89
(3,16) (2,16) 49
(3,16) (4,16) 20
(4,16) (3,16) 6
(4,16) (5,16) 82
(5,16) (4,16) 23
(5,16) (6,16) 49
(6,16) (5,16) 7
(6,16) (7,16) 66
(7,16) (6,16) 31
(7,16) (8,16) 65
(8,16) (7,16) 66
(8,16) (9,16) 71
(9,16) (8,16) 29
(9,16) (10,16) 30
(10,16) (9,16) 11
(10,16) (11,16) 6
(11,16) (10,16) 53
(11,16) (12,16) 25
(12,16) (11,16) 76
(12,16) (13,16) 80
(13,16) (12,16) 6
(13,16) (14,16) 47
(14,16) (13,16) 55
(14,16) (15,16) 45
(15,16) (14,16) 3
(15,16) (16,16) 20
(16,16) (15,16) 94
(16,16) (17,16) 1
(17,16) (16,16) 10
(17,16) (18,16) 81
(18,16) (17,16) 8
(18,16) (19,16) 83
(19,16) (18,16) 63
(19,16) (20,16) 2
(20,16) (19,16) 55
(20,16) (21,16) 56
(21,16) (20,16) 1
(21,16) (22,16) 55
(22,16) (21,16) 13
(22,16) (23,16) 82
(23,16) (22,16) 88
(23,16) (24,16) 100
(24,16) (23,16) 72
(24,16) (25,16) 14
(25,16) (24,16) 3
(25,16) (26,16) 61
(26,16) (25,16) 100
(26,16) (27,16) 35
(27,16) (26,16) 44
(27,16) (28,16) 91
(28,16) (27,16) 23
(28,16) (29,16) 63
(29,16) (28,16) 51
(29,16) (30,16) 57
(30,16) (29,16) 55
(30,16) (31,16) 81
(31,16) (30,16) 20
(31,16) (32,16) 91
(32,16) (31,16) 12
(32,16) (33,16) 93
(33,16) (32,16) 85
(33,16) (34,16) 9
(34,16) (33,16) 20
(34,16) (35,16) 10
(35,16) (34,16) 84
(35,16) (36,16) 25
(36,16) (35,16) 66
(36,16) (37,16) 26
(37,16) (36,16) 42
(37,16) (38,16) 2
(38,16) (37,16) 99
(38,16) (39,16) 35
(39,16) (38,16) 58
(39,16) (40,16) 65
(40,16) (39,16) 4
(1,17) (2,17) 73
(2,17) (1,17) 60
(2,17) (3,17) 62
(3,17) (2,17) 4
(3,17) (4,17) 47
(4,17) (3,17) 21
(4,17) (5,17) 33
(5,17) (4,17) 69
(5,17) (6,17) 96
(6,17) (5,17) 92
(6,17) (7,17) 3
(7,17) (6,17) 4
(7,17) (8,17) 20
(8,17) (7,17) 48
(8,17) (9,17) 91
(9,17) (8,17) 50
(9,17) (10,17) 37
(10,17) (9,17) 42
(10,17) (11,17) 33
(11,17) (10,17) 94
(11,17) (12,17) 64
(12,17) (11,17) 54
(12,17) (13,17) 42
(13,17) (12,17) 40
(13,17) (14,17) 72
(14,17) (13,17) 29
(14,17) (15,17) 75
(15,17) (14,17) 19
(15,17) (16,17) 36
(16,17) (15,17) 24
(16,17) (17,17) 12
(17,17) (16,17) 28
(17,17) (18,17) 98
(18,17) (17,17) 62
(18,17) (19,17) 14
(19,17) (18,17) 69
(19,17) (20,17) 52
(20,17) (19,17) 85
(20,17) (21,17) 85
(21,17) (20,17) 53
(21,17) (22,17) 88
(22,17) (21,17) 99
(22,17) (23,17) 96
(23,17) (22,17) 73
(23,17) (24,17) 57
(24,17) (23,17) 75
(24,17) (25,17) 38
(25,17) (24,17) 23
(25,17) (26,17) 20
(26,17) (25,17) 85
(26,17) (27,17) 33
(27,17) (26,17) 18
(27,17) (28,17) 37
(28,17) (27,17) 64
(28,17) (29,17) 91
(29,17) (28,17) 43
(29,17) (30,17) 86
(30,17) (29,17) 79
(30,17) (31,17) 33
(31,17) (30,17) 39
(31,17) (32,17) 66
(32,17) (31,17) 77
(32,17) (33,17) 45
(33,17) (32,17) 63
(33,17) (34,17) 12
(34,17) (33,17) 54
(34,17) (35,17) 24
(35,17) (34,17) 57
(35,17) (36,17) 71
(36,17) (35,17) 6
(36,17) (37,17) 84
(37,17) (36,17) 76
(37,17) (38,17) 26
(38,17) (37,17) 29
(38,17) (39,17) 60
(39,17) (38,17) 11
(39,17) (40,17) 61
(40,17) (39,17) 61
(1,18) (2,18) 66
(2,18) (1,18) 59
(2,18) (3,18) 87
(3,18) (2,18) 61
(3,18) (4,18) 62
(4,18) (3,18) 80
(4,18) (5,18) 79
(5,18) (4,18) 82
(5,18) (6,18) 85
(6,18) (5,18) 42
(6,18) (7,18) 53
(7,18) (6,18) 64
(7,18) (8,18) 49
(8,18) (7,18) 45
(8,18) (9,18) 30
(9,18) (8,18) 78
(9,18) (10,18) 4
(10,18) (9,18) 26
(10,18) (11,18) 40
(11,18) (10,18) 27
(11,18) (12,18) 17
(12,18) (11,18) 29
(12,18) (13,18) 8
(13,18) (12,18) 86
(13,18) (14,18) 10
(14,18) (13,18) 21
(14,18) (15,18) 59
(15,18) (14,18) 85
(15,18) (16,18) 24
(16,18) (15,18) 67
(16,18) (17,18) 60
(17,18) (16,18) 58
(17,18) (18,18) 54
(18,18) (17,18) 47
(18,18) (19,18) 52
(19,18) (18,18) 71
(19,18) (20,18) 68
(20,18) (19,18) 27
(20,18) (21,18) 68
(21,18) (20,18) 32
(21,18) (22,18) 12
(22,18) (21,18) 46
(22,18) (23,18) 20
(23,18) (22,18) 35
(23,18) (24,18) 70
(24,18) (23,18) 38
(24,18) (25,18) 49
(25,18) (24,18) 92
(25,18) (26,18) 50
(26,18) (25,18) 83
(26,18) (27,18) 97
(27,18) (26,18) 7
(27,18) (28,18) 48
(28,18) (27,18) 13
(28,18) (29,18) 27
(29,18) (28,18) 96
(29,18) (30,18) 67
(30,18) (29,18) 84
(30,18) (31,18) 25
(31,18) (30,18) 45
(31,18) (32,18) 32
(32,18) (31,18) 3
(32,18) (33,18) 70
(33,18) (32,18) 18
(33,18) (34,18) 57
(34,18) (33,18) 34
(34,18) (35,18) 77
(35,18) (34,18) 42
(35,18) (36,18) 74
(36,18) (35,18) 73
(36,18) (37,18) 13
(37,18) (36,18) 78
(37,18) (38,18) 40
(38,18) (37,18) 98
(38,18) (39,18) 7
(39,18) (38,18) 41
(39,18) (40,18) 81
(40,18) (39,18) 86
(1,19) (2,19) 74
(2,19) (1,19) 76
(2,19) (3,19) 81
(3,19) (2,19) 62
(3,19) (4,19) 11
(4,19) (3,19) 91
(4,19) (5,19) 58
(5,19) (4,19) 85
(5,19) (6,19) 75
(6,19) (5,19) 31
(6,19) (7,19) 8
(7,19) (6,19) 14
(7,19) (8,19) 42
(8,19) (7,19) 42
(8,19) (9,19) 71
(9,19) (8,19) 72
(9,19) (10,19) 94
(10,19) (9,19) 66
(10,19) (11,19) 93
(11,19) (10,19) 44
(11,19) (12,19) 93
(12,19) (11,19) 23
(12,19) (13,19) 69
(13,19) (12,19) 20
(13,19) (14,19) 42
(14,19) (13,19) 25
(14,19) (15,19) 34
(15,19) (14,19) 51
(15,19) (16,19) 63
(16,19) (15,19) 2
(16,19) (17,19) 70
(17,19) (16,19) 25
(17,19) (18,19) 96
(18,19) (17,19) 96
(18,19) (19,19) 58
(19,19) (18,19) 85
(19,19) (20,19) 6
(20,19) (19,19) 46
(20,19) (21,19) 95
(21,19) (20,19) 13
(21,19) (22,19) 2
(22,19) (21,19) 54
(22,19) (23,19) 55
(23,19) (22,19) 54
(23,19) (24,19) 94
(24,19) (23,19) 72
(24,19) (25,19) 46
(25,19) (24,19) 34
(25,19) (26,19) 78
(26,19) (25,19) 65
(26,19) (27,19) 16
(27,19) (26,19) 78
(27,19) (28,19) 97
(28,19) (27,19) 98
(28,19) (29,19) 100
(29,19) (28,19) 82
(29,19) (30,19) 27
(30,19) (29,19) 72
(30,19) (31,19) 72
(31,19) (30,19) 60
(31,19) (32,19) 7
(32,19) (31,19) 25
(32,19) (33,19) 76
(33,19) (32,19) 91
(33,19) (34,19) 2
(34,19) (33,19) 98
(34,19) (35,19) 85
(35,19) (34,19) 58
(35,19) (36,19) 66
(36,19) (35,19) 97
(36,19) (37,19) 86
(37,19) (36,19) 33
(37,19) (38,19) 42
(38,19) (37,19) 18
(38,19) (39,19) 25
(39,19) (38,19) 65
(39,19) (40,19) 67
(40,19) (39,19) 50
(1,20) (2,20) 92
(2,20) (1,20) 33
(2,20) (3,20) 48
(3,20) (2,20) 43
(3,20) (4,20) 16
(4,20) (3,20) 48
(4,20) (5,20) 47
(5,20) (4,20) 59
(5,20) (6,20) 60
(6,20) (5,20) 69
(6,20) (7,20) 59
(7,20) (6,20) 78
(7,20) (8,20) 87
(8,20) (7,20) 5
(8,20) (9,20) 59
(9,20) (8,20) 83
(9,20) (10,20) 83
(10,20) (9,20) 12
(10,20) (11,20) 33
(11,20) (10,20) 89
(11,20) (12,20) 74
(12,20) (11,20) 17
(12,20) (13,20) 16
(13,20) (12,20) 48
(13,20) (14,20) 99
(14,20) (13,20) 88
(14,20) (15,20) 32
(15,20) (14,20) 24
(15,20) (16,20) 79
(16,20) (15,20) 82
(16,20) (17,20) 55
(17,20) (16,20) 32
(17,20) (18,20) 2
(18,20) (17,20) 68
(18,20) (19,20) 97
(19,20) (18,20) 12
(19,20) (20,20) 40
(20,20) (19,20) 65
(20,20) (21,20) 73
(21,20) (20,20) 13
(21,20) (22,20) 40
(22,20) (21,20) 82
(22,20) (23,20) 83
(23,20) (22,20) 85
(23,20) (24,20) 44
(24,20) (23,20) 75
(24,20) (25,20) 72
(25,20) (24,20) 76
(25,20) (26,20) 28
(26,20) (25,20) 100
(26,20) (27,20) 64
(27,20) (26,20) 61
(27,20) (28,20) 94
(28,20) (27,20) 1
(28,20) (29,20) 75
(29,20) (28,20) 19
(29,20) (30,20) 59
(30,20) (29,20) 88
(30,20) (31,20) 95
(31,20) (30,20) 33
(31,20) (32,20) 91
(32,20) (31,20) 54
(32,20) (33,20) 97
(33,20) (32,20) 100
(33,20) (34,20) 87
(34,20) (33,20) 25
(34,20) (35,20) 36
(35,20) (34,20) 56
(35,20) (36,20) 100
(36,20) (35,20) 9
(36,20) (37,20) 99
(37,20) (36,20) 93
(37,20) (38,20) 93
(38,20) (37,20) 1
(38,20) (39,20) 63
(39,20) (38,20) 53
(39,20) (40,20) 97
(40,20) (39,20) 89
(1,20) t 92
(2,20) t 51
(3,20) t 19
(4,20) t 31
(5,20) t 13
(6,20) t 90
(7,20) t 67
(8,20) t 78
(9,20) t 36
(10,20) t 37
(11,20) t 30
(12,20) t 39
(13,20) t 1
(14,20) t 99
(15,20) t 3
(16,20) t 75
(17,20) t 90
(18,20) t 56
(19,20) t 96
(20,20) t 91
(21,20) t 35
(22,20) t 47
(23,20) t 48
(24,20) t 52
(25,20) t 59
(26,20) t 42
(27,20) t 86
(28,20) t 54
(29,20) t 31
(30,20) t 92
(31,20) t 88
(32,20) t 24
(33,20) t 17
(34,20) t 69
(35,20) t 19
(36,20) t 64
(37,20) t 98
(38,20) t 33
(39,20) t 10
(40,20) t 25
