s (1,1) 13
s (2,1) 199
s (3,1) 116
s (4,1) 117
s (5,1) 151
s (6,1) 126
s (7,1) 182
s (8,1) 199
s (9,1) 25
s (10,1) 25
s (11,1) 188
s (12,1) 27
s (13,1) 86
s (14,1) 193
s (15,1) 20
s (16,1) 30
s (17,1) 147
s (18,1) 178
s (19,1) 23
s (20,1) 120
s (21,1) 26
s (22,1) 51
s (23,1) 69
s (24,1) 83
s (25,1) 174
s (26,1) 190
s (27,1) 78
s (28,1) 114
s (29,1) 129
s (30,1) 197
s (31,1) 30
s (32,1) 35
s (33,1) 185
s (34,1) 122
s (35,1) 136
s (36,1) 171
s (37,1) 50
s (38,1) 176
s (39,1) 3
s (40,1) 188
(1,1) (1,2) 29
(2,1) (2,2) 147
(3,1) (3,2) 42
(4,1) (4,2) 93
(5,1) (5,2) 133
(6,1) (6,2) 121
(7,1) (7,2) 60
(8,1) (8,2) 46
(9,1) (9,2) 162
(10,1) (10,2) 52
(11,1) (11,2) 116
(12,1) (12,2) 71
(13,1) (13,2) 15
(14,1) (14,2) 13
(15,1) (15,2) 28
(16,1) (16,2) 36
(17,1) (17,2) 101
(18,1) (18,2) 38
(19,1) (19,2) 26
(20,1) (20,2) 39
(21,1) (21,2) 35
(22,1) (22,2) 139
(23,1) (23,2) 85
(24,1) (24,2) 178
(25,1) (25,2) 45
(26,1) (26,2) 46
(27,1) (27,2) 144
(28,1) (28,2) 175
(29,1) (29,2) 73
(30,1) (30,2) 190
(31,1) (31,2) 100
(32,1) (32,2) 78
(33,1) (33,2) 65
(34,1) (34,2) 188
(35,1) (35,2) 157
(36,1) (36,2) 26
(37,1) (37,2) 138
(38,1) (38,2) 178
(39,1) (39,2) 59
(40,1) (40,2) 168
(1,2) (1,3) 115
(2,2) (2,3) 8
(3,2) (3,3) 192
(4,2) (4,3) 101
(5,2) (5,3) 129
(6,2) (6,3) 12
(7,2) (7,3) 113
(8,2) (8,3) 123
(9,2) (9,3) 119
(10,2) (10,3) 21
(11,2) (11,3) 158
(12,2) (12,3) 48
(13,2) (13,3) 147
(14,2) (14,3) 173
(15,2) (15,3) 139
(16,2) (16,3) 156
(17,2) (17,3) 196
(18,2) (18,3) 200
(19,2) (19,3) 105
(20,2) (20,3) 4
(21,2) (21,3) 103
(22,2) (22,3) 117
(23,2) (23,3) 7
(24,2) (24,3) 152
(25,2) (25,3) 25
(26,2) (26,3) 40
(27,2) (27,3) 65
(28,2) (28,3) 21
(29,2) (29,3) 87
(30,2) (30,3) 145
(31,2) (31,3) 59
(32,2) (32,3) 127
(33,2) (33,3) 1
(34,2) (34,3) 125
(35,2) (35,3) 159
(36,2) (36,3) 135
(37,2) (37,3) 173
(38,2) (38,3) 198
(39,2) (39,3) 50
(40,2) (40,3) 77
(1,3) (1,4) 63
(2,3) (2,4) 2
(3,3) (3,4) 132
(4,3) (4,4) 43
(5,3) (5,4) 134
(6,3) (6,4) 157
(7,3) (7,4) 110
(8,3) (8,4) 181
(9,3) (9,4) 66
(10,3) (10,4) 116
(11,3) (11,4) 14
(12,3) (12,4) 128
(13,3) (13,4) 58
(14,3) (14,4) 199
(15,3) (15,4) 30
(16,3) (16,4) 14
(17,3) (17,4) 34
(18,3) (18,4) 26
(19,3) (19,4) 35
(20,3) (20,4) 187
(21,3) (21,4) 105
(22,3) (22,4) 105
(23,3) (23,4) 113
(24,3) (24,4) 128
(25,3) (25,4) 112
(26,3) (26,4) 29
(27,3) (27,4) 84
(28,3) (28,4) 97
(29,3) (29,4) 14
(30,3) (30,4) 71
(31,3) (31,4) 185
(32,3) (32,4) 29
(33,3) (33,4) 129
(34,3) (34,4) 159
(35,3) (35,4) 3
(36,3) (36,4) 58
(37,3) (37,4) 112
(38,3) (38,4) 193
(39,3) (39,4) 113
(40,3) (40,4) 82
(1,4) (1,5) 139
(2,4) (2,5) 45
(3,4) (3,5) 52
(4,4) (4,5) 166
(5,4) (5,5) 68
(6,4) (6,5) 18
(7,4) (7,5) 191
(8,4) (8,5) 85
(9,4) (9,5) 150
(10,4) (10,5) 31
(11,4) (11,5) 23
(12,4) (12,5) 65
(13,4) (13,5) 115
(14,4) (14,5) 46
(15,4) (15,5) 138
(16,4) (16,5) 94
(17,4) (17,5) 93
(18,4) (18,5) 28
(19,4) (19,5) 124
(20,4) (20,5) 8
(21,4) (21,5) 146
(22,4) (22,5) 105
(23,4) (23,5) 84
(24,4) (24,5) 8
(25,4) (25,5) 186
(26,4) (26,5) 105
(27,4) (27,5) 101
(28,4) (28,5) 178
(29,4) (29,5) 180
(30,4) (30,5) 148
(31,4) (31,5) 200
(32,4) (32,5) 46
(33,4) (33,5) 92
(34,4) (34,5) 32
(35,4) (35,5) 23
(36,4) (36,5) 17
(37,4) (37,5) 162
(38,4) (38,5) 177
(39,4) (39,5) 92
(40,4) (40,5) 80
(1,5) (1,6) 52
(2,5) (2,6) 43
(3,5) (3,6) 152
(4,5) (4,6) 41
(5,5) (5,6) 83
(6,5) (6,6) 20
(7,5) (7,6) 144
(8,5) (8,6) 45
(9,5) (9,6) 170
(10,5) (10,6) 200
(11,5) (11,6) 106
(12,5) (12,6) 22
(13,5) (13,6) 163
(14,5) (14,6) 81
(15,5) (15,6) 141
(16,5) (16,6) 49
(17,5) (17,6) 77
(18,5) (18,6) 115
(19,5) (19,6) 6
(20,5) (20,6) 119
(21,5) (21,6) 32
(22,5) (22,6) 50
(23,5) (23,6) 111
(24,5) (24,6) 174
(25,5) (25,6) 136
(26,5) (26,6) 65
(27,5) (27,6) 122
(28,5) (28,6) 199
(29,5) (29,6) 167
(30,5) (30,6) 120
(31,5) (31,6) 115
(32,5) (32,6) 188
(33,5) (33,6) 125
(34,5) (34,6) 177
(35,5) (35,6) 83
(36,5) (36,6) 112
(37,5) (37,6) 171
(38,5) (38,6) 23
(39,5) (39,6) 153
(40,5) (40,6) 146
(1,6) (1,7) 110
(2,6) (2,7) 35
(3,6) (3,7) 155
(4,6) (4,7) 95
(5,6) (5,7) 174
(6,6) (6,7) 4
(7,6) (7,7) 162
(8,6) (8,7) 20
(9,6) (9,7) 198
(10,6) (10,7) 58
(11,6) (11,7) 131
(12,6) (12,7) 141
(13,6) (13,7) 6
(14,6) (14,7) 16
(15,6) (15,7) 10
(16,6) (16,7) 5
(17,6) (17,7) 171
(18,6) (18,7) 172
(19,6) (19,7) 73
(20,6) (20,7) 90
(21,6) (21,7) 161
(22,6) (22,7) 123
(23,6) (23,7) 103
(24,6) (24,7) 12
(25,6) (25,7) 15
(26,6) (26,7) 166
(27,6) (27,7) 107
(28,6) (28,7) 10
(29,6) (29,7) 72
(30,6) (30,7) 43
(31,6) (31,7) 167
(32,6) (32,7) 96
(33,6) (33,7) 90
(34,6) (34,7) 42
(35,6) (35,7) 42
(36,6) (36,7) 73
(37,6) (37,7) 79
(38,6) (38,7) 181
(39,6) (39,7) 174
(40,6) (40,7) 150
(1,7) (1,8) 105
(2,7) (2,8) 146
(3,7) (3,8) 40
(4,7) (4,8) 96
(5,7) (5,8) 3
(6,7) (6,8) 56
(7,7) (7,8) 45
(8,7) (8,8) 151
(9,7) (9,8) 106
(10,7) (10,8) 172
(11,7) (11,8) 169
(12,7) (12,8) 119
(13,7) (13,8) 106
(14,7) (14,8) 39
(15,7) (15,8) 35
(16,7) (16,8) 36
(17,7) (17,8) 117
(18,7) (18,8) 93
(19,7) (19,8) 157
(20,7) (20,8) 147
(21,7) (21,8) 198
(22,7) (22,8) 61
(23,7) (23,8) 16
(24,7) (24,8) 36
(25,7) (25,8) 196
(26,7) (26,8) 88
(27,7) (27,8) 60
(28,7) (28,8) 47
(29,7) (29,8) 130
(30,7) (30,8) 176
(31,7) (31,8) 132
(32,7) (32,8) 26
(33,7) (33,8) 51
(34,7) (34,8) 102
(35,7) (35,8) 32
(36,7) (36,8) 180
(37,7) (37,8) 10
(38,7) (38,8) 8
(39,7) (39,8) 180
(40,7) (40,8) 9
(1,8) (1,9) 72
(2,8) (2,9) 53
(3,8) (3,9) 158
(4,8) (4,9) 195
(5,8) (5,9) 23
(6,8) (6,9) 158
(7,8) (7,9) 125
(8,8) (8,9) 161
(9,8) (9,9) 187
(10,8) (10,9) 19
(11,8) (11,9) 13
(12,8) (12,9) 126
(13,8) (13,9) 200
(14,8) (14,9) 127
(15,8) (15,9) 94
(16,8) (16,9) 145
(17,8) (17,9) 191
(18,8) (18,9) 130
(19,8) (19,9) 156
(20,8) (20,9) 29
(21,8) (21,9) 66
(22,8) (22,9) 185
(23,8) (23,9) 42
(24,8) (24,9) 140
(25,8) (25,9) 39
(26,8) (26,9) 67
(27,8) (27,9) 200
(28,8) (28,9) 37
(29,8) (29,9) 25
(30,8) (30,9) 138
(31,8) (31,9) 59
(32,8) (32,9) 70
(33,8) (33,9) 169
(34,8) (34,9) 109
(35,8) (35,9) 51
(36,8) (36,9) 88
(37,8) (37,9) 156
(38,8) (38,9) 110
(39,8) (39,9) 96
(40,8) (40,9) 14
(1,9) (1,10) 134
(2,9) (2,10) 68
(3,9) (3,10) 174
(4,9) (4,10) 153
(5,9) (5,10) 100
(6,9) (6,10) 103
(7,9) (7,10) 103
(8,9) (8,10) 156
(9,9) (9,10) 159
(10,9) (10,10) 164
(11,9) (11,10) 87
(12,9) (12,10) 142
(13,9) (13,10) 68
(14,9) (14,10) 36
(15,9) (15,10) 147
(16,9) (16,10) 105
(17,9) (17,10) 73
(18,9) (18,10) 5
(19,9) (19,10) 11
(20,9) (20,10) 110
(21,9) (21,10) 138
(22,9) (22,10) 44
(23,9) (23,10) 102
(24,9) (24,10) 123
(25,9) (25,10) 41
(26,9) (26,10) 157
(27,9) (27,10) 13
(28,9) (28,10) 179
(29,9) (29,10) 12
(30,9) (30,10) 2
(31,9) (31,10) 104
(32,9) (32,10) 88
(33,9) (33,10) 152
(34,9) (34,10) 156
(35,9) (35,10) 108
(36,9) (36,10) 175
(37,9) (37,10) 92
(38,9) (38,10) 160
(39,9) (39,10) 54
(40,9) (40,10) 159
(1,10) (1,11) 64
(2,10) (2,11) 105
(3,10) (3,11) 137
(4,10) (4,11) 200
(5,10) (5,11) 92
(6,10) (6,11) 46
(7,10) (7,11) 187
(8,10) (8,11) 133
(9,10) (9,11) 125
(10,10) (10,11) 127
(11,10) (11,11) 77
(12,10) (12,11) 53
(13,10) (13,11) 26
(14,10) (14,11) 146
(15,10) (15,11) 114
(16,10) (16,11) 43
(17,10) (17,11) 149
(18,10) (18,11) 4
(19,10) (19,11) 183
(20,10) (20,11) 120
(21,10) (21,11) 109
(22,10) (22,11) 30
(23,10) (23,11) 88
(24,10) (24,11) 194
(25,10) (25,11) 192
(26,10) (26,11) 70
(27,10) (27,11) 132
(28,10) (28,11) 115
(29,10) (29,11) 21
(30,10) (30,11) 150
(31,10) (31,11) 134
(32,10) (32,11) 129
(33,10) (33,11) 191
(34,10) (34,11) 110
(35,10) (35,11) 5
(36,10) (36,11) 77
(37,10) (37,11) 30
(38,10) (38,11) 25
(39,10) (39,11) 133
(40,10) (40,11) 154
(1,11) (1,12) 32
(2,11) (2,12) 166
(3,11) (3,12) 68
(4,11) (4,12) 84
(5,11) (5,12) 101
(6,11) (6,12) 102
(7,11) (7,12) 137
(8,11) (8,12) 131
(9,11) (9,12) 64
(10,11) (10,12) 156
(11,11) (11,12) 126
(12,11) (12,12) 82
(13,11) (13,12) 193
(14,11) (14,12) 94
(15,11) (15,12) 198
(16,11) (16,12) 88
(17,11) (17,12) 183
(18,11) (18,12) 151
(19,11) (19,12) 89
(20,11) (20,12) 59
(21,11) (21,12) 11
(22,11) (22,12) 142
(23,11) (23,12) 61
(24,11) (24,12) 131
(25,11) (25,12) 95
(26,11) (26,12) 22
(27,11) (27,12) 167
(28,11) (28,12) 18
(29,11) (29,12) 94
(30,11) (30,12) 123
(31,11) (31,12) 191
(32,11) (32,12) 30
(33,11) (33,12) 173
(34,11) (34,12) 38
(35,11) (35,12) 81
(36,11) (36,12) 89
(37,11) (37,12) 159
(38,11) (38,12) 5
(39,11) (39,12) 104
(40,11) (40,12) 134
(1,12) (1,13) 54
(2,12) (2,13) 18
(3,12) (3,13) 157
(4,12) (4,13) 39
(5,12) (5,13) 53
(6,12) (6,13) 22
(7,12) (7,13) 61
(8,12) (8,13) 135
(9,12) (9,13) 83
(10,12) (10,13) 122
(11,12) (11,13) 96
(12,12) (12,13) 193
(13,12) (13,13) 137
(14,12) (14,13) 66
(15,12) (15,13) 150
(16,12) (16,13) 116
(17,12) (17,13) 37
(18,12) (18,13) 47
(19,12) (19,13) 44
(20,12) (20,13) 19
(21,12) (21,13) 71
(22,12) (22,13) 119
(23,12) (23,13) 164
(24,12) (24,13) 45
(25,12) (25,13) 168
(26,12) (26,13) 178
(27,12) (27,13) 107
(28,12) (28,13) 86
(29,12) (29,13) 91
(30,12) (30,13) 156
(31,12) (31,13) 11
(32,12) (32,13) 64
(33,12) (33,13) 100
(34,12) (34,13) 194
(35,12) (35,13) 161
(36,12) (36,13) 26
(37,12) (37,13) 164
(38,12) (38,13) 147
(39,12) (39,13) 33
(40,12) (40,13) 18
(1,13) (1,14) 79
(2,13) (2,14) 116
(3,13) (3,14) 45
(4,13) (4,14) 122
(5,13) (5,14) 148
(6,13) (6,14) 80
(7,13) (7,14) 13
(8,13) (8,14) 125
(9,13) (9,14) 187
(10,13) (10,14) 155
(11,13) (11,14) 96
(12,13) (12,14) 61
(13,13) (13,14) 110
(14,13) (14,14) 17
(15,13) (15,14) 56
(16,13) (16,14) 74
(17,13) (17,14) 70
(18,13) (18,14) 31
(19,13) (19,14) 44
(20,13) (20,14) 80
(21,13) (21,14) 198
(22,13) (22,14) 157
(23,13) (23,14) 167
(24,13) (24,14) 158
(25,13) (25,14) 52
(26,13) (26,14) 167
(27,13) (27,14) 69
(28,13) (28,14) 78
(29,13) (29,14) 188
(30,13) (30,14) 55
(31,13) (31,14) 70
(32,13) (32,14) 54
(33,13) (33,14) 167
(34,13) (34,14) 105
(35,13) (35,14) 179
(36,13) (36,14) 154
(37,13) (37,14) 16
(38,13) (38,14) 147
(39,13) (39,14) 53
(40,13) (40,14) 140
(1,14) (1,15) 87
(2,14) (2,15) 174
(3,14) (3,15) 118
(4,14) (4,15) 130
(5,14) (5,15) 31
(6,14) (6,15) 77
(7,14) (7,15) 31
(8,14) (8,15) 161
(9,14) (9,15) 122
(10,14) (10,15) 65
(11,14) (11,15) 8
(12,14) (12,15) 27
(13,14) (13,15) 172
(14,14) (14,15) 198
(15,14) (15,15) 54
(16,14) (16,15) 179
(17,14) (17,15) 116
(18,14) (18,15) 142
(19,14) (19,15) 198
(20,14) (20,15) 177
(21,14) (21,15) 135
(22,14) (22,15) 136
(23,14) (23,15) 160
(24,14) (24,15) 94
(25,14) (25,15) 95
(26,14) (26,15) 173
(27,14) (27,15) 7
(28,14) (28,15) 13
(29,14) (29,15) 1
(30,14) (30,15) 31
(31,14) (31,15) 36
(32,14) (32,15) 164
(33,14) (33,15) 13
(34,14) (34,15) 109
(35,14) (35,15) 186
(36,14) (36,15) 150
(37,14) (37,15) 110
(38,14) (38,15) 7
(39,14) (39,15) 45
(40,14) (40,15) 199
(1,15) (1,16) 192
(2,15) (2,16) 75
(3,15) (3,16) 52
(4,15) (4,16) 91
(5,15) (5,16) 161
(6,15) (6,16) 98
(7,15) (7,16) 157
(8,15) (8,16) 155
(9,15) (9,16) 176
(10,15) (10,16) 59
(11,15) (11,16) 71
(12,15) (12,16) 133
(13,15) (13,16) 82
(14,15) (14,16) 185
(15,15) (15,16) 147
(16,15) (16,16) 39
(17,15) (17,16) 164
(18,15) (18,16) 99
(19,15) (19,16) 60
(20,15) (20,16) 23
(21,15) (21,16) 83
(22,15) (22,16) 152
(23,15) (23,16) 173
(24,15) (24,16) 66
(25,15) (25,16) 175
(26,15) (26,16) 140
(27,15) (27,16) 34
(28,15) (28,16) 87
(29,15) (29,16) 38
(30,15) (30,16) 84
(31,15) (31,16) 6
(32,15) (32,16) 31
(33,15) (33,16) 196
(34,15) (34,16) 26
(35,15) (35,16) 115
(36,15) (36,16) 60
(37,15) (37,16) 168
(38,15) (38,16) 149
(39,15) (39,16) 17
(40,15) (40,16) 163
(1,16) (1,17) 98
(2,16) (2,17) 17
(3,16) (3,17) 29
(4,16) (4,17) 103
(5,16) (5,17) 177
(6,16) (6,17) 182
(7,16) (7,17) 83
(8,16) (8,17) 188
(9,16) (9,17) 57
(10,16) (10,17) 176
(11,16) (11,17) 166
(12,16) (12,17) 100
(13,16) (13,17) 129
(14,16) (14,17) 114
(15,16) (15,17) 156
(16,16) (16,17) 161
(17,16) (17,17) 123
(18,16) (18,17) 151
(19,16) (19,17) 111
(20,16) (20,17) 120
(21,16) (21,17) 108
(22,16) (22,17) 79
(23,16) (23,17) 38
(24,16) (24,17) 54
(25,16) (25,17) 147
(26,16) (26,17) 34
(27,16) (27,17) 90
(28,16) (28,17) 154
(29,16) (29,17) 31
(30,16) (30,17) 76
(31,16) (31,17) 4
(32,16) (32,17) 110
(33,16) (33,17) 128
(34,16) (34,17) 181
(35,16) (35,17) 164
(36,16) (36,17) 195
(37,16) (37,17) 16
(38,16) (38,17) 3
(39,16) (39,17) 28
(40,16) (40,17) 89
(1,17) (1,18) 171
(2,17) (2,18) 95
(3,17) (3,18) 195
(4,17) (4,18) 96
(5,17) (5,18) 1
(6,17) (6,18) 145
(7,17) (7,18) 133
(8,17) (8,18) 38
(9,17) (9,18) 92
(10,17) (10,18) 89
(11,17) (11,18) 175
(12,17) (12,18) 133
(13,17) (13,18) 68
(14,17) (14,18) 131
(15,17) (15,18) 41
(16,17) (16,18) 87
(17,17) (17,18) 120
(18,17) (18,18) 182
(19,17) (19,18) 29
(20,17) (20,18) 49
(21,17) (21,18) 32
(22,17) (22,18) 57
(23,17) (23,18) 187
(24,17) (24,18) 41
(25,17) (25,18) 110
(26,17) (26,18) 194
(27,17) (27,18) 175
(28,17) (28,18) 86
(29,17) (29,18) 82
(30,17) (30,18) 21
(31,17) (31,18) 50
(32,17) (32,18) 51
(33,17) (33,18) 28
(34,17) (34,18) 117
(35,17) (35,18) 44
(36,17) (36,18) 127
(37,17) (37,18) 108
(38,17) (38,18) 146
(39,17) (39,18) 68
(40,17) (40,18) 28
(1,18) (1,19) 54
(2,18) (2,19) 111
(3,18) (3,19) 22
(4,18) (4,19) 33
(5,18) (5,19) 18
(6,18) (6,19) 70
(7,18) (7,19) 91
(8,18) (8,19) 142
(9,18) (9,19) 111
(10,18) (10,19) 19
(11,18) (11,19) 47
(12,18) (12,19) 28
(13,18) (13,19) 96
(14,18) (14,19) 10
(15,18) (15,19) 155
(16,18) (16,19) 103
(17,18) (17,19) 54
(18,18) (18,19) 14
(19,18) (19,19) 74
(20,18) (20,19) 146
(21,18) (21,19) 52
(22,18) (22,19) 142
(23,18) (23,19) 105
(24,18) (24,19) 21
(25,18) (25,19) 34
(26,18) (26,19) 142
(27,18) (27,19) 8
(28,18) (28,19) 148
(29,18) (29,19) 65
(30,18) (30,19) 8
(31,18) (31,19) 85
(32,18) (32,19) 95
(33,18) (33,19) 62
(34,18) (34,19) 197
(35,18) (35,19) 7
(36,18) (36,19) 73
(37,18) (37,19) 106
(38,18) (38,19) 20
(39,18) (39,19) 192
(40,18) (40,19) 120
(1,19) (1,20) 69
(2,19) (2,20) 4
(3,19) (3,20) 124
(4,19) (4,20) 113
(5,19) (5,20) 154
(6,19) (6,20) 74
(7,19) (7,20) 190
(8,19) (8,20) 45
(9,19) (9,20) 126
(10,19) (10,20) 10
(11,19) (11,20) 50
(12,19) (12,20) 75
(13,19) (13,20) 194
(14,19) (14,20) 4
(15,19) (15,20) 197
(16,19) (16,20) 147
(17,19) (17,20) 32
(18,19) (18,20) 85
(19,19) (19,20) 136
(20,19) (20,20) 53
(21,19) (21,20) 171
(22,19) (22,20) 63
(23,19) (23,20) 124
(24,19) (24,20) 172
(25,19) (25,20) 127
(26,19) (26,20) 14
(27,19) (27,20) 71
(28,19) (28,20) 18
(29,19) (29,20) 79
(30,19) (30,20) 71
(31,19) (31,20) 20
(32,19) (32,20) 104
(33,19) (33,20) 53
(34,19) (34,20) 31
(35,19) (35,20) 169
(36,19) (36,20) 66
(37,19) (37,20) 60
(38,19) (38,20) 77
(39,19) (39,20) 146
(40,19) (40,20) 158
(1,1) (2,1) 81
(2,1) (1,1) 197
(2,1) (3,1) 131
(3,1) (2,1) 143
(3,1) (4,1) 64
(4,1) (3,1) 154
(4,1) (5,1) 26
(5,1) (4,1) 114
(5,1) (6,1) 187
(6,1) (5,1) 111
(6,1) (7,1) 75
(7,1) (6,1) 28
(7,1) (8,1) 109
(8,1) (7,1) 155
(8,1) (9,1) 53
(9,1) (8,1) 190
(9,1) (10,1) 77
(10,1) (9,1) 87
(10,1) (11,1) 82
(11,1) (10,1) 102
(11,1) (12,1) 134
(12,1) (11,1) 28
(12,1) (13,1) 60
(13,1) (12,1) 67
(13,1) (14,1) 163
(14,1) (13,1) 190
(14,1) (15,1) 114
(15,1) (14,1) 173
(15,1) (16,1) 64
(16,1) (15,1) 87
(16,1) (17,1) 170
(17,1) (16,1) 102
(17,1) (18,1) 123
(18,1) (17,1) 57
(18,1) (19,1) 8
(19,1) (18,1) 185
(19,1) (20,1) 129
(20,1) (19,1) 196
(20,1) (21,1) 165
(21,1) (20,1) 189
(21,1) (22,1) 110
(22,1) (21,1) 136
(22,1) (23,1) 155
(23,1) (22,1) 78
(23,1) (24,1) 68
(24,1) (23,1) 184
(24,1) (25,1) 148
(25,1) (24,1) 193
(25,1) (26,1) 124
(26,1) (25,1) 123
(26,1) (27,1) 58
(27,1) (26,1) 74
(27,1) (28,1) 3
(28,1) (27,1) 16
(28,1) (29,1) 42
(29,1) (28,1) 140
(29,1) (30,1) 123
(30,1) (29,1) 21
(30,1) (31,1) 162
(31,1) (30,1) 148
(31,1) (32,1) 147
(32,1) (31,1) 188
(32,1) (33,1) 81
(33,1) (32,1) 2
(33,1) (34,1) 9
(34,1) (33,1) 11
(34,1) (35,1) 110
(35,1) (34,1) 4
(35,1) (36,1) 131
(36,1) (35,1) 94
(36,1) (37,1) 16
(37,1) (36,1) 153
(37,1) (38,1) 93
(38,1) (37,1) 67
(38,1) (39,1) 92
(39,1) (38,1) 55
(39,1) (40,1) 124
(40,1) (39,1) 10
(1,2) (2,2) 141
(2,2) (1,2) 114
(2,2) (3,2) 105
(3,2) (2,2) 151
(3,2) (4,2) 198
(4,2) (3,2) 18
(4,2) (5,2) 122
(5,2) (4,2) 182
(5,2) (6,2) 123
(6,2) (5,2) 143
(6,2) (7,2) 10
(7,2) (6,2) 153
(7,2) (8,2) 142
(8,2) (7,2) 116
(8,2) (9,2) 153
(9,2) (8,2) 177
(9,2) (10,2) 61
(10,2) (9,2) 85
(10,2) (11,2) 30
(11,2) (10,2) 190
(11,2) (12,2) 88
(12,2) (11,2) 86
(12,2) (13,2) 88
(13,2) (12,2) 45
(13,2) (14,2) 16
(14,2) (13,2) 97
(14,2) (15,2) 156
(15,2) (14,2) 69
(15,2) (16,2) 155
(16,2) (15,2) 68
(16,2) (17,2) 49
(17,2) (16,2) 118
(17,2) (18,2) 180
(18,2) (17,2) 101
(18,2) (19,2) 55
(19,2) (18,2) 47
(19,2) (20,2) 176
(20,2) (19,2) 170
(20,2) (21,2) 14
(21,2) (20,2) 138
(21,2) (22,2) 19
(22,2) (21,2) 73
(22,2) (23,2) 131
(23,2) (22,2) 22
(23,2) (24,2) 57
(24,2) (23,2) 73
(24,2) (25,2) 189
(25,2) (24,2) 200
(25,2) (26,2) 24
(26,2) (25,2) 60
(26,2) (27,2) 126
(27,2) (26,2) 128
(27,2) (28,2) 42
(28,2) (27,2) 65
(28,2) (29,2) 189
(29,2) (28,2) 27
(29,2) (30,2) 105
(30,2) (29,2) 2
(30,2) (31,2) 112
(31,2) (30,2) 130
(31,2) (32,2) 35
(32,2) (31,2) 79
(32,2) (33,2) 86
(33,2) (32,2) 110
(33,2) (34,2) 6
(34,2) (33,2) 100
(34,2) (35,2) 42
(35,2) (34,2) 142
(35,2) (36,2) 156
(36,2) (35,2) 182
(36,2) (37,2) 196
(37,2) (36,2) 152
(37,2) (38,2) 15
(38,2) (37,2) 150
(38,2) (39,2) 26
(39,2) (38,2) 88
(39,2) (40,2) 176
(40,2) (39,2) 167
(1,3) (2,3) 164
(2,3) (1,3) 55
(2,3) (3,3) 8
(3,3) (2,3) 162
(3,3) (4,3) 45
(4,3) (3,3) 18
(4,3) (5,3) 26
(5,3) (4,3) 107
(5,3) (6,3) 109
(6,3) (5,3) 62
(6,3) (7,3) 40
(7,3) (6,3) 119
(7,3) (8,3) 100
(8,3) (7,3) 37
(8,3) (9,3) 145
(9,3) (8,3) 140
(9,3) (10,3) 144
(10,3) (9,3) 192
(10,3) (11,3) 125
(11,3) (10,3) 190
(11,3) (12,3) 79
(12,3) (11,3) 2
(12,3) (13,3) 135
(13,3) (12,3) 130
(13,3) (14,3) 72
(14,3) (13,3) 140
(14,3) (15,3) 41
(15,3) (14,3) 184
(15,3) (16,3) 100
(16,3) (15,3) 130
(16,3) (17,3) 134
(17,3) (16,3) 114
(17,3) (18,3) 58
(18,3) (17,3) 81
(18,3) (19,3) 56
(19,3) (18,3) 35
(19,3) (20,3) 128
(20,3) (19,3) 59
(20,3) (21,3) 177
(21,3) (20,3) 30
(21,3) (22,3) 46
(22,3) (21,3) 25
(22,3) (23,3) 183
(23,3) (22,3) 156
(23,3) (24,3) 28
(24,3) (23,3) 147
(24,3) (25,3) 1
(25,3) (24,3) 137
(25,3) (26,3) 155
(26,3) (25,3) 7
(26,3) (27,3) 182
(27,3) (26,3) 124
(27,3) (28,3) 49
(28,3) (27,3) 156
(28,3) (29,3) 85
(29,3) (28,3) 161
(29,3) (30,3) 142
(30,3) (29,3) 98
(30,3) (31,3) 30
(31,3) (30,3) 85
(31,3) (32,3) 116
(32,3) (31,3) 33
(32,3) (33,3) 120
(33,3) (32,3) 30
(33,3) (34,3) 179
(34,3) (33,3) 66
(34,3) (35,3) 156
(35,3) (34,3) 180
(35,3) (36,3) 122
(36,3) (35,3) 133
(36,3) (37,3) 30
(37,3) (36,3) 111
(37,3) (38,3) 98
(38,3) (37,3) 16
(38,3) (39,3) 83
(39,3) (38,3) 102
(39,3) (40,3) 36
(40,3) (39,3) 96
(1,4) (2,4) 190
(2,4) (1,4) 177
(2,4) (3,4) 115
(3,4) (2,4) 87
(3,4) (4,4) 117
(4,4) (3,4) 172
(4,4) (5,4) 76
(5,4) (4,4) 187
(5,4) (6,4) 177
(6,4) (5,4) 105
(6,4) (7,4) 194
(7,4) (6,4) 135
(7,4) (8,4) 35
(8,4) (7,4) 57
(8,4) (9,4) 150
(9,4) (8,4) 104
(9,4) (10,4) 177
(10,4) (9,4) 190
(10,4) (11,4) 179
(11,4) (10,4) 190
(11,4) (12,4) 135
(12,4) (11,4) 64
(12,4) (13,4) 199
(13,4) (12,4) 85
(13,4) (14,4) 163
(14,4) (13,4) 170
(14,4) (15,4) 22
(15,4) (14,4) 151
(15,4) (16,4) 137
(16,4) (15,4) 56
(16,4) (17,4) 25
(17,4) (16,4) 183
(17,4) (18,4) 141
(18,4) (17,4) 64
(18,4) (19,4) 76
(19,4) (18,4) 181
(19,4) (20,4) 143
(20,4) (19,4) 74
(20,4) (21,4) 133
(21,4) (20,4) 113
(21,4) (22,4) 111
(22,4) (21,4) 148
(22,4) (23,4) 103
(23,4) (22,4) 142
(23,4) (24,4) 170
(24,4) (23,4) 23
(24,4) (25,4) 46
(25,4) (24,4) 44
(25,4) (26,4) 38
(26,4) (25,4) 128
(26,4) (27,4) 37
(27,4) (26,4) 41
(27,4) (28,4) 39
(28,4) (27,4) 148
(28,4) (29,4) 44
(29,4) (28,4) 54
(29,4) (30,4) 164
(30,4) (29,4) 131
(30,4) (31,4) 102
(31,4) (30,4) 186
(31,4) (32,4) 123
(32,4) (31,4) 199
(32,4) (33,4) 6
(33,4) (32,4) 125
(33,4) (34,4) 153
(34,4) (33,4) 177
(34,4) (35,4) 121
(35,4) (34,4) 83
(35,4) (36,4) 94
(36,4) (35,4) 32
(36,4) (37,4) 102
(37,4) (36,4) 139
(37,4) (38,4) 181
(38,4) (37,4) 88
(38,4) (39,4) 90
(39,4) (38,4) 130
(39,4) (40,4) 169
(40,4) (39,4) 139
(1,5) (2,5) 9
(2,5) (1,5) 129
(2,5) (3,5) 10
(3,5) (2,5) 142
(3,5) (4,5) 183
(4,5) (3,5) 64
(4,5) (5,5) 135
(5,5) (4,5) 35
(5,5) (6,5) 124
(6,5) (5,5) 29
(6,5) (7,5) 142
(7,5) (6,5) 134
(7,5) (8,5) 173
(8,5) (7,5) 141
(8,5) (9,5) 87
(9,5) (8,5) 14
(9,5) (10,5) 199
(10,5) (9,5) 30
(10,5) (11,5) 30
(11,5) (10,5) 114
(11,5) (12,5) 199
(12,5) (11,5) 183
(12,5) (13,5) 191
(13,5) (12,5) 85
(13,5) (14,5) 93
(14,5) (13,5) 60
(14,5) (15,5) 76
(15,5) (14,5) 47
(15,5) (16,5) 15
(16,5) (15,5) 33
(16,5) (17,5) 178
(17,5) (16,5) 98
(17,5) (18,5) 122
(18,5) (17,5) 2
(18,5) (19,5) 82
(19,5) (18,5) 86
(19,5) (20,5) 147
(20,5) (19,5) 174
(20,5) (21,5) 155
(21,5) (20,5) 25
(21,5) (22,5) 99
(22,5) (21,5) 110
(22,5) (23,5) 52
(23,5) (22,5) 55
(23,5) (24,5) 17
(24,5) (23,5) 181
(24,5) (25,5) 191
(25,5) (24,5) 161
(25,5) (26,5) 17
(26,5) (25,5) 165
(26,5) (27,5) 106
(27,5) (26,5) 197
(27,5) (28,5) 186
(28,5) (27,5) 83
(28,5) (29,5) 151
(29,5) (28,5) 194
(29,5) (30,5) 86
(30,5) (29,5) 121
(30,5) (31,5) 42
(31,5) (30,5) 62
(31,5) (32,5) 26
(32,5) (31,5) 143
(32,5) (33,5) 99
(33,5) (32,5) 159
(33,5) (34,5) 53
(34,5) (33,5) 141
(34,5) (35,5) 185
(35,5) (34,5) 186
(35,5) (36,5) 142
(36,5) (35,5) 118
(36,5) (37,5) 87
(37,5) (36,5) 11
(37,5) (38,5) 125
(38,5) (37,5) 108
(38,5) (39,5) 11
(39,5) (38,5) 129
(39,5) (40,5) 12
(40,5) (39,5) 157
(1,6) (2,6) 161
(2,6) (1,6) 189
(2,6) (3,6) 103
(3,6) (2,6) 119
(3,6) (4,6) 30
(4,6) (3,6) 87
(4,6) (5,6) 110
(5,6) (4,6) 173
(5,6) (6,6) 40
(6,6) (5,6) 181
(6,6) (7,6) 195
(7,6) (6,6) 174
(7,6) (8,6) 171
(8,6) (7,6) 1
(8,6) (9,6) 166
(9,6) (8,6) 198
(9,6) (10,6) 166
(10,6) (9,6) 70
(10,6) (11,6) 79
(11,6) (10,6) 59
(11,6) (12,6) 52
(12,6) (11,6) 31
(12,6) (13,6) 75
(13,6) (12,6) 150
(13,6) (14,6) 127
(14,6) (13,6) 196
(14,6) (15,6) 127
(15,6) (14,6) 196
(15,6) (16,6) 87
(16,6) (15,6) 90
(16,6) (17,6) 51
(17,6) (16,6) 65
(17,6) (18,6) 159
(18,6) (17,6) 61
(18,6) (19,6) 45
(19,6) (18,6) 168
(19,6) (20,6) 168
(20,6) (19,6) 180
(20,6) (21,6) 46
(21,6) (20,6) 80
(21,6) (22,6) 64
(22,6) (21,6) 186
(22,6) (23,6) 10
(23,6) (22,6) 102
(23,6) (24,6) 74
(24,6) (23,6) 28
(24,6) (25,6) 73
(25,6) (24,6) 19
(25,6) (26,6) 89
(26,6) (25,6) 68
(26,6) (27,6) 138
(27,6) (26,6) 163
(27,6) (28,6) 135
(28,6) (27,6) 153
(28,6) (29,6) 55
(29,6) (28,6) 178
(29,6) (30,6) 127
(30,6) (29,6) 33
(30,6) (31,6) 108
(31,6) (30,6) 186
(31,6) (32,6) 179
(32,6) (31,6) 108
(32,6) (33,6) 17
(33,6) (32,6) 93
(33,6) (34,6) 39
(34,6) (33,6) 102
(34,6) (35,6) 39
(35,6) (34,6) 91
(35,6) (36,6) 20
(36,6) (35,6) 192
(36,6) (37,6) 175
(37,6) (36,6) 73
(37,6) (38,6) 193
(38,6) (37,6) 188
(38,6) (39,6) 142
(39,6) (38,6) 94
(39,6) (40,6) 132
(40,6) (39,6) 163
(1,7) (2,7) 173
(2,7) (1,7) 187
(2,7) (3,7) 118
(3,7) (2,7) 124
(3,7) (4,7) 172
(4,7) (3,7) 111
(4,7) (5,7) 197
(5,7) (4,7) 100
(5,7) (6,7) 151
(6,7) (5,7) 52
(6,7) (7,7) 147
(7,7) (6,7) 181
(7,7) (8,7) 56
(8,7) (7,7) 73
(8,7) (9,7) 155
(9,7) (8,7) 37
(9,7) (10,7) 36
(10,7) (9,7) 5
(10,7) (11,7) 188
(11,7) (10,7) 75
(11,7) (12,7) 82
(12,7) (11,7) 141
(12,7) (13,7) 134
(13,7) (12,7) 23
(13,7) (14,7) 85
(14,7) (13,7) 146
(14,7) (15,7) 185
(15,7) (14,7) 87
(15,7) (16,7) 75
(16,7) (15,7) 26
(16,7) (17,7) 92
(17,7) (16,7) 42
(17,7) (18,7) 191
(18,7) (17,7) 17
(18,7) (19,7) 131
(19,7) (18,7) 171
(19,7) (20,7) 81
(20,7) (19,7) 51
(20,7) (21,7) 90
(21,7) (20,7) 76
(21,7) (22,7) 13
(22,7) (21,7) 33
(22,7) (23,7) 15
(23,7) (22,7) 12
(23,7) (24,7) 176
(24,7) (23,7) 198
(24,7) (25,7) 100
(25,7) (24,7) 71
(25,7) (26,7) 14
(26,7) (25,7) 101
(26,7) (27,7) 105
(27,7) (26,7) 80
(27,7) (28,7) 177
(28,7) (27,7) 49
(28,7) (29,7) 96
(29,7) (28,7) 181
(29,7) (30,7) 148
(30,7) (29,7) 192
(30,7) (31,7) 138
(31,7) (30,7) 39
(31,7) (32,7) 54
(32,7) (31,7) 93
(32,7) (33,7) 151
(33,7) (32,7) 5
(33,7) (34,7) 50
(34,7) (33,7) 89
(34,7) (35,7) 35
(35,7) (34,7) 108
(35,7) (36,7) 115
(36,7) (35,7) 69
(36,7) (37,7) 140
(37,7) (36,7) 125
(37,7) (38,7) 157
(38,7) (37,7) 14
(38,7) (39,7) 167
(39,7) (38,7) 171
(39,7) (40,7) 199
(40,7) (39,7) 21
(1,8) (2,8) 170
(2,8) (1,8) 159
(2,8) (3,8) 172
(3,8) (2,8) 122
(3,8) (4,8) 196
(4,8) (3,8) 122
(4,8) (5,8) 160
(5,8) (4,8) 141
(5,8) (6,8) 73
(6,8) (5,8) 126
(6,8) (7,8) 64
(7,8) (6,8) 32
(7,8) (8,8) 42
(8,8) (7,8) 129
(8,8) (9,8) 66
(9,8) (8,8) 60
(9,8) (10,8) 41
(10,8) (9,8) 8
(10,8) (11,8) 20
(11,8) (10,8) 103
(11,8) (12,8) 97
(12,8) (11,8) 52
(12,8) (13,8) 200
(13,8) (12,8) 71
(13,8) (14,8) 12
(14,8) (13,8) 59
(14,8) (15,8) 45
(15,8) (14,8) 102
(15,8) (16,8) 23
(16,8) (15,8) 101
(16,8) (17,8) 145
(17,8) (16,8) 177
(17,8) (18,8) 80
(18,8) (17,8) 25
(18,8) (19,8) 114
(19,8) (18,8) 126
(19,8) (20,8) 176
(20,8) (19,8) 148
(20,8) (21,8) 172
(21,8) (20,8) 50
(21,8) (22,8) 171
(22,8) (21,8) 54
(22,8) (23,8) 132
(23,8) (22,8) 109
(23,8) (24,8) 107
(24,8) (23,8) 25
(24,8) (25,8) 83
(25,8) (24,8) 99
(25,8) (26,8) 45
(26,8) (25,8) 94
(26,8) (27,8) 71
(27,8) (26,8) 111
(27,8) (28,8) 83
(28,8) (27,8) 118
(28,8) (29,8) 75
(29,8) (28,8) 118
(29,8) (30,8) 112
(30,8) (29,8) 153
(30,8) (31,8) 119
(31,8) (30,8) 45
(31,8) (32,8) 75
(32,8) (31,8) 87
(32,8) (33,8) 98
(33,8) (32,8) 39
(33,8) (34,8) 131
(34,8) (33,8) 193
(34,8) (35,8) 75
(35,8) (34,8) 63
(35,8) (36,8) 128
(36,8) (35,8) 123
(36,8) (37,8) 24
(37,8) (36,8) 135
(37,8) (38,8) 50
(38,8) (37,8) 80
(38,8) (39,8) 77
(39,8) (38,8) 139
(39,8) (40,8) 51
(40,8) (39,8) 106
(1,9) (2,9) 190
(2,9) (1,9) 149
(2,9) (3,9) 167
(3,9) (2,9) 45
(3,9) (4,9) 24
(4,9) (3,9) 158
(4,9) (5,9) 84
(5,9) (4,9) 182
(5,9) (6,9) 81
(6,9) (5,9) 197
(6,9) (7,9) 132
(7,9) (6,9) 125
(7,9) (8,9) 160
(8,9) (7,9) 167
(8,9) (9,9) 15
(9,9) (8,9) 172
(9,9) (10,9) 39
(10,9) (9,9) 3
(10,9) (11,9) 110
(11,9) (10,9) 123
(11,9) (12,9) 173
(12,9) (11,9) 160
(12,9) (13,9) 122
(13,9) (12,9) 154
(13,9) (14,9) 56
(14,9) (13,9) 78
(14,9) (15,9) 155
(15,9) (14,9) 154
(15,9) (16,9) 15
(16,9) (15,9) 54
(16,9) (17,9) 149
(17,9) (16,9) 72
(17,9) (18,9) 166
(18,9) (17,9) 23
(18,9) (19,9) 188
(19,9) (18,9) 191
(19,9) (20,9) 11
(20,9) (19,9) 62
(20,9) (21,9) 96
(21,9) (20,9) 97
(21,9) (22,9) 197
(22,9) (21,9) 161
(22,9) (23,9) 3
(23,9) (22,9) 73
(23,9) (24,9) 180
(24,9) (23,9) 8
(24,9) (25,9) 191
(25,9) (24,9) 176
(25,9) (26,9) 43
(26,9) (25,9) 136
(26,9) (27,9) 22
(27,9) (26,9) 99
(27,9) (28,9) 82
(28,9) (27,9) 125
(28,9) (29,9) 193
(29,9) (28,9) 13
(29,9) (30,9) 32
(30,9) (29,9) 60
(30,9) (31,9) 97
(31,9) (30,9) 6
(31,9) (32,9) 158
(32,9) (31,9) 27
(32,9) (33,9) 196
(33,9) (32,9) 144
(33,9) (34,9) 103
(34,9) (33,9) 77
(34,9) (35,9) 63
(35,9) (34,9) 105
(35,9) (36,9) 11
(36,9) (35,9) 45
(36,9) (37,9) 131
(37,9) (36,9) 162
(37,9) (38,9) 43
(38,9) (37,9) 126
(38,9) (39,9) 50
(39,9) (38,9) 171
(39,9) (40,9) 134
(40,9) (39,9) 52
(1,10) (2,10) 16
(2,10) (1,10) 56
(2,10) (3,10) 122
(3,10) (2,10) 107
(3,10) (4,10) 150
(4,10) (3,10) 85
(4,10) (5,10) 55
(5,10) (4,10) 195
(5,10) (6,10) 169
(6,10) (5,10) 17
(6,10) (7,10) 77
(7,10) (6,10) 164
(7,10) (8,10) 25
(8,10) (7,10) 154
(8,10) (9,10) 70
(9,10) (8,10) 84
(9,10) (10,10) 102
(10,10) (9,10) 61
(10,10) (11,10) 197
(11,10) (10,10) 18
(11,10) (12,10) 61
(12,10) (11,10) 103
(12,10) (13,10) 173
(13,10) (12,10) 110
(13,10) (14,10) 49
(14,10) (13,10) 110
(14,10) (15,10) 71
(15,10) (14,10) 39
(15,10) (16,10) 20
(16,10) (15,10) 197
(16,10) (17,10) 44
(17,10) (16,10) 128
(17,10) (18,10) 140
(18,10) (17,10) 96
(18,10) (19,10) 153
(19,10) (18,10) 64
(19,10) (20,10) 195
(20,10) (19,10) 76
(20,10) (21,10) 80
(21,10) (20,10) 52
(21,10) (22,10) 70
(22,10) (21,10) 177
(22,10) (23,10) 2
(23,10) (22,10) 84
(23,10) (24,10) 7
(24,10) (23,10) 112
(24,10) (25,10) 162
(25,10) (24,10) 167
(25,10) (26,10) 166
(26,10) (25,10) 51
(26,10) (27,10) 45
(27,10) (26,10) 147
(27,10) (28,10) 114
(28,10) (27,10) 117
(28,10) (29,10) 6
(29,10) (28,10) 53
(29,10) (30,10) 101
(30,10) (29,10) 8
(30,10) (31,10) 174
(31,10) (30,10) 105
(31,10) (32,10) 158
(32,10) (31,10) 84
(32,10) (33,10) 160
(33,10) (32,10) 47
(33,10) (34,10) 64
(34,10) (33,10) 2
(34,10) (35,10) 178
(35,10) (34,10) 146
(35,10) (36,10) 104
(36,10) (35,10) 14
(36,10) (37,10) 16
(37,10) (36,10) 150
(37,10) (38,10) 100
(38,10) (37,10) 146
(38,10) (39,10) 131
(39,10) (38,10) 133
(39,10) (40,10) 30
(40,10) (39,10) 181
(1,11) (2,11) 143
(2,11) (1,11) 182
(2,11) (3,11) 152
(3,11) (2,11) 87
(3,11) (4,11) 130
(4,11) (3,11) 28
(4,11) (5,11) 113
(5,11) (4,11) 199
(5,11) (6,11) 31
(6,11) (5,11) 94
(6,11) (7,11) 101
(7,11) (6,11) 60
(7,11) (8,11) 131
(8,11) (7,11) 168
(8,11) (9,11) 11
(9,11) (8,11) 60
(9,11) (10,11) 47
(10,11) (9,11) 197
(10,11) (11,11) 161
(11,11) (10,11) 84
(11,11) (12,11) 163
(12,11) (11,11) 62
(12,11) (13,11) 10
(13,11) (12,11) 5
(13,11) (14,11) 36
(14,11) (13,11) 188
(14,11) (15,11) 15
(15,11) (14,11) 95
(15,11) (16,11) 45
(16,11) (15,11) 62
(16,11) (17,11) 171
(17,11) (16,11) 93
(17,11) (18,11) 41
(18,11) (17,11) 135
(18,11) (19,11) 103
(19,11) (18,11) 13
(19,11) (20,11) 176
(20,11) (19,11) 80
(20,11) (21,11) 15
(21,11) (20,11) 25
(21,11) (22,11) 191
(22,11) (21,11) 181
(22,11) (23,11) 116
(23,11) (22,11) 23
(23,11) (24,11) 74
(24,11) (23,11) 159
(24,11) (25,11) 16
(25,11) (24,11) 81
(25,11) (26,11) 117
(26,11) (25,11) 46
(26,11) (27,11) 97
(27,11) (26,11) 186
(27,11) (28,11) 64
(28,11) (27,11) 128
(28,11) (29,11) 68
(29,11) (28,11) 102
(29,11) (30,11) 88
(30,11) (29,11) 10
(30,11) (31,11) 123
(31,11) (30,11) 61
(31,11) (32,11) 154
(32,11) (31,11) 105
(32,11) (33,11) 193
(33,11) (32,11) 68
(33,11) (34,11) 91
(34,11) (33,11) 157
(34,11) (35,11) 185
(35,11) (34,11) 151
(35,11) (36,11) 116
(36,11) (35,11) 20
(36,11) (37,11) 119
(37,11) (36,11) 191
(37,11) (38,11) 153
(38,11) (37,11) 103
(38,11) (39,11) 30
(39,11) (38,11) 84
(39,11) (40,11) 47
(40,11) (39,11) 171
(1,12) (2,12) 49
(2,12) (1,12) 87
(2,12) (3,12) 21
(3,12) (2,12) 38
(3,12) (4,12) 53
(4,12) (3,12) 79
(4,12) (5,12) 188
(5,12) (4,12) 131
(5,12) (6,12) 67
(6,12) (5,12) 38
(6,12) (7,12) 104
(7,12) (6,12) 44
(7,12) (8,12) 84
(8,12) (7,12) 183
(8,12) (9,12) 169
(9,12) (8,12) 139
(9,12) (10,12) 5
(10,12) (9,12) 182
(10,12) (11,12) 59
(11,12) (10,12) 77
(11,12) (12,12) 129
(12,12) (11,12) 51
(12,12) (13,12) 192
(13,12) (12,12) 11
(13,12) (14,12) 150
(14,12) (13,12) 157
(14,12) (15,12) 104
(15,12) (14,12) 151
(15,12) (16,12) 167
(16,12) (15,12) 55
(16,12) (17,12) 119
(17,12) (16,12) 7
(17,12) (18,12) 49
(18,12) (17,12) 90
(18,12) (19,12) 44
(19,12) (18,12) 153
(19,12) (20,12) 2
(20,12) (19,12) 95
(20,12) (21,12) 106
(21,12) (20,12) 12
(21,12) (22,12) 75
(22,12) (21,12) 63
(22,12) (23,12) 144
(23,12) (22,12) 70
(23,12) (24,12) 110
(24,12) (23,12) 177
(24,12) (25,12) 147
(25,12) (24,12) 103
(25,12) (26,12) 130
(26,12) (25,12) 7
(26,12) (27,12) 3
(27,12) (26,12) 25
(27,12) (28,12) 107
(28,12) (27,12) 197
(28,12) (29,12) 170
(29,12) (28,12) 115
(29,12) (30,12) 79
(30,12) (29,12) 174
(30,12) (31,12) 121
(31,12) (30,12) 160
(31,12) (32,12) 99
(32,12) (31,12) 157
(32,12) (33,12) 101
(33,12) (32,12) 145
(33,12) (34,12) 76
(34,12) (33,12) 70
(34,12) (35,12) 71
(35,12) (34,12) 4
(35,12) (36,12) 74
(36,12) (35,12) 103
(36,12) (37,12) 121
(37,12) (36,12) 54
(37,12) (38,12) 143
(38,12) (37,12) 102
(38,12) (39,12) 27
(39,12) (38,12) 180
(39,12) (40,12) 181
(40,12) (39,12) 80
(1,13) (2,13) 102
(2,13) (1,13) 34
(2,13) (3,13) 172
(3,13) (2,13) 66
(3,13) (4,13) 88
(4,13) (3,13) 183
(4,13) (5,13) 3
(5,13) (4,13) 56
(5,13) (6,13) 134
(6,13) (5,13) 157
(6,13) (7,13) 183
(7,13) (6,13) 88
(7,13) (8,13) 8
(8,13) (7,13) 176
(8,13) (9,13) 71
(9,13) (8,13) 42
(9,13) (10,13) 21
(10,13) (9,13) 3
(10,13) (11,13) 135
(11,13) (10,13) 118
(11,13) (12,13) 183
(12,13) (11,13) 1
(12,13) (13,13) 3
(13,13) (12,13) 66
(13,13) (14,13) 90
(14,13) (13,13) 14
(14,13) (15,13) 123
(15,13) (14,13) 111
(15,13) (16,13) 102
(16,13) (15,13) 155
(16,13) (17,13) 77
(17,13) (16,13) 159
(17,13) (18,13) 84
(18,13) (17,13) 192
(18,13) (19,13) 81
(19,13) (18,13) 181
(19,13) (20,13) 94
(20,13) (19,13) 169
(20,13) (21,13) 173
(21,13) (20,13) 16
(21,13) (22,13) 46
(22,13) (21,13) 136
(22,13) (23,13) 57
(23,13) (22,13) 85
(23,13) (24,13) 8
(24,13) (23,13) 83
(24,13) (25,13) 181
(25,13) (24,13) 49
(25,13) (26,13) 52
(26,13) (25,13) 73
(26,13) (27,13) 174
(27,13) (26,13) 96
(27,13) (28,13) 187
(28,13) (27,13) 14
(28,13) (29,13) 191
(29,13) (28,13) 109
(29,13) (30,13) 75
(30,13) (29,13) 136
(30,13) (31,13) 140
(31,13) (30,13) 134
(31,13) (32,13) 109
(32,13) (31,13) 198
(32,13) (33,13) 146
(33,13) (32,13) 162
(33,13) (34,13) 20
(34,13) (33,13) 100
(34,13) (35,13) 171
(35,13) (34,13) 162
(35,13) (36,13) 200
(36,13) (35,13) 21
(36,13) (37,13) 29
(37,13) (36,13) 122
(37,13) (38,13) 80
(38,13) (37,13) 102
(38,13) (39,13) 106
(39,13) (38,13) 139
(39,13) (40,13) 111
(40,13) (39,13) 51
(1,14) (2,14) 154
(2,14) (1,14) 46
(2,14) (3,14) 125
(3,14) (2,14) 176
(3,14) (4,14) 196
(4,14) (3,14) 62
(4,14) (5,14) 181
(5,14) (4,14) 126
(5,14) (6,14) 148
(6,14) (5,14) 195
(6,14) (7,14) 183
(7,14) (6,14) 128
(7,14) (8,14) 102
(8,14) (7,14) 127
(8,14) (9,14) 68
(9,14) (8,14) 129
(9,14) (10,14) 56
(10,14) (9,14) 174
(10,14) (11,14) 63
(11,14) (10,14) 59
(11,14) (12,14) 62
(12,14) (11,14) 87
(12,14) (13,14) 155
(13,14) (12,14) 110
(13,14) (14,14) 39
(14,14) (13,14) 129
(14,14) (15,14) 127
(15,14) (14,14) 172
(15,14) (16,14) 189
(16,14) (15,14) 12
(16,14) (17,14) 47
(17,14) (16,14) 133
(17,14) (18,14) 130
(18,14) (17,14) 158
(18,14) (19,14) 132
(19,14) (18,14) 156
(19,14) (20,14) 173
(20,14) (19,14) 150
(20,14) (21,14) 43
(21,14) (20,14) 165
(21,14) (22,14) 116
(22,14) (21,14) 96
(22,14) (23,14) 26
(23,14) (22,14) 105
(23,14) (24,14) 92
(24,14) (23,14) 141
(24,14) (25,14) 63
(25,14) (24,14) 88
(25,14) (26,14) 179
(26,14) (25,14) 198
(26,14) (27,14) 35
(27,14) (26,14) 49
(27,14) (28,14) 31
(28,14) (27,14) 166
(28,14) (29,14) 36
(29,14) (28,14) 49
(29,14) (30,14) 95
(30,14) (29,14) 98
(30,14) (31,14) 80
(31,14) (30,14) 29
(31,14) (32,14) 103
(32,14) (31,14) 69
(32,14) (33,14) 157
(33,14) (32,14) 190
(33,14) (34,14) 49
(34,14) (33,14) 124
(34,14) (35,14) 93
(35,14) (34,14) 161
(35,14) (36,14) 103
(36,14) (35,14) 42
(36,14) (37,14) 7
(37,14) (36,14) 7
(37,14) (38,14) 21
(38,14) (37,14) 41
(38,14) (39,14) 137
(39,14) (38,14) 104
(39,14) (40,14) 186
(40,14) (39,14) 6
(1,15) (2,15) 65
(2,15) (1,15) 95
(2,15) (3,15) 104
(3,15) (2,15) 175
(3,15) (4,15) 147
(4,15) (3,15) 177
(4,15) (5,15) 65
(5,15) (4,15) 140
(5,15) (6,15) 140
(6,15) (5,15) 88
(6,15) (7,15) 73
(7,15) (6,15) 56
(7,15) (8,15) 174
(8,15) (7,15) 95
(8,15) (9,15) 155
(9,15) (8,15) 82
(9,15) (10,15) 180
(10,15) (9,15) 65
(10,15) (11,15) 195
(11,15) (10,15) 148
(11,15) (12,15) 101
(12,15) (11,15) 58
(12,15) (13,15) 3
(13,15) (12,15) 87
(13,15) (14,15) 117
(14,15) (13,15) 9
(14,15) (15,15) 137
(15,15) (14,15) 121
(15,15) (16,15) 55
(16,15) (15,15) 120
(16,15) (17,15) 6
(17,15) (16,15) 68
(17,15) (18,15) 191
(18,15) (17,15) 162
(18,15) (19,15) 1
(19,15) (18,15) 148
(19,15) (20,15) 163
(20,15) (19,15) 136
(20,15) (21,15) 185
(21,15) (20,15) 85
(21,15) (22,15) 18
(22,15) (21,15) 160
(22,15) (23,15) 194
(23,15) (22,15) 47
(23,15) (24,15) 69
(24,15) (23,15) 35
(24,15) (25,15) 134
(25,15) (24,15) 183
(25,15) (26,15) 178
(26,15) (25,15) 82
(26,15) (27,15) 133
(27,15) (26,15) 187
(27,15) (28,15) 167
(28,15) (27,15) 100
(28,15) (29,15) 79
(29,15) (28,15) 193
(29,15) (30,15) 123
(30,15) (29,15) 173
(30,15) (31,15) 46
(31,15) (30,15) 68
(31,15) (32,15) 96
(32,15) (31,15) 46
(32,15) (33,15) 41
(33,15) (32,15) 149
(33,15) (34,15) 197
(34,15) (33,15) 134
(34,15) (35,15) 35
(35,15) (34,15) 34
(35,15) (36,15) 72
(36,15) (35,15) 106
(36,15) (37,15) 27
(37,15) (36,15) 181
(37,15) (38,15) 129
(38,15) (37,15) 102
(38,15) (39,15) 60
(39,15) (38,15) 12
(39,15) (40,15) 89
(40,15) (39,15) 200
(1,16) (2,16) 68
(2,16) (1,16) 200
(2,16) (3,16) 73
(3,16) (2,16) 45
(3,16) (4,16) 73
(4,16) (3,16) 4
(4,16) (5,16) 7
(5,16) (4,16) 106
(5,16) (6,16) 23
(6,16) (5,16) 140
(6,16) (7,16) 35
(7,16) (6,16) 81
(7,16) (8,16) 15
(8,16) (7,16) 199
(8,16) (9,16) 120
(9,16) (8,16) 158
(9,16) (10,16) 170
(10,16) (9,16) 91
(10,16) (11,16) 111
(11,16) (10,16) 117
(11,16) (12,16) 155
(12,16) (11,16) 180
(12,16) (13,16) 125
(13,16) (12,16) 2
(13,16) (14,16) 186
(14,16) (13,16) 136
(14,16) (15,16) 108
(15,16) (14,16) 125
(15,16) (16,16) 44
(16,16) (15,16) 130
(16,16) (17,16) 87
(17,16) (16,16) 88
(17,16) (18,16) 24
(18,16) (17,16) 57
(18,16) (19,16) 110
(19,16) (18,16) 174
(19,16) (20,16) 156
(20,16) (19,16) 92
(20,16) (21,16) 194
(21,16) (20,16) 49
(21,16) (22,16) 110
(22,16) (21,16) 28
(22,16) (23,16) 186
(23,16) (22,16) 168
(23,16) (24,16) 40
(24,16) (23,16) 30
(24,16) (25,16) 20
(25,16) (24,16) 76
(25,16) (26,16) 90
(26,16) (25,16) 35
(26,16) (27,16) 160
(27,16) (26,16) 125
(27,16) (28,16) 19
(28,16) (27,16) 134
(28,16) (29,16) 182
(29,16) (28,16) 181
(29,16) (30,16) 18
(30,16) (29,16) 98
(30,16) (31,16) 176
(31,16) (30,16) 25
(31,16) (32,16) 150
(32,16) (31,16) 69
(32,16) (33,16) 137
(33,16) (32,16) 200
(33,16) (34,16) 158
(34,16) (33,16) 149
(34,16) (35,16) 21
(35,16) (34,16) 161
(35,16) (36,16) 171
(36,16) (35,16) 94
(36,16) (37,16) 58
(37,16) (36,16) 165
(37,16) (38,16) 1
(38,16) (37,16) 77
(38,16) (39,16) 156
(39,16) (38,16) 54
(39,16) (40,16) 44
(40,16) (39,16) 188
(1,17) (2,17) 143
(2,17) (1,17) 43
(2,17) (3,17) 88
(3,17) (2,17) 137
(3,17) (4,17) 173
(4,17) (3,17) 89
(4,17) (5,17) 48
(5,17) (4,17) 53
(5,17) (6,17) 87
(6,17) (5,17) 87
(6,17) (7,17) 104
(7,17) (6,17) 39
(7,17) (8,17) 184
(8,17) (7,17) 70
(8,17) (9,17) 86
(9,17) (8,17) 138
(9,17) (10,17) 102
(10,17) (9,17) 11
(10,17) (11,17) 3
(11,17) (10,17) 178
(11,17) (12,17) 65
(12,17) (11,17) 43
(12,17) (13,17) 64
(13,17) (12,17) 86
(13,17) (14,17) 198
(14,17) (13,17) 66
(14,17) (15,17) 43
(15,17) (14,17) 146
(15,17) (16,17) 189
(16,17) (15,17) 127
(16,17) (17,17) 73
(17,17) (16,17) 173
(17,17) (18,17) 117
(18,17) (17,17) 184
(18,17) (19,17) 45
(19,17) (18,17) 145
(19,17) (20,17) 178
(20,17) (19,17) 13
(20,17) (21,17) 79
(21,17) (20,17) 148
(21,17) (22,17) 53
(22,17) (21,17) 99
(22,17) (23,17) 80
(23,17) (22,17) 154
(23,17) (24,17) 66
(24,17) (23,17) 160
(24,17) (25,17) 49
(25,17) (24,17) 29
(25,17) (26,17) 95
(26,17) (25,17) 190
(26,17) (27,17) 195
(27,17) (26,17) 18
(27,17) (28,17) 48
(28,17) (27,17) 191
(28,17) (29,17) 105
(29,17) (28,17) 41
(29,17) (30,17) 127
(30,17) (29,17) 19
(30,17) (31,17) 169
(31,17) (30,17) 81
(31,17) (32,17) 136
(32,17) (31,17) 136
(32,17) (33,17) 34
(33,17) (32,17) 53
(33,17) (34,17) 35
(34,17) (33,17) 102
(34,17) (35,17) 8
(35,17) (34,17) 31
(35,17) (36,17) 91
(36,17) (35,17) 101
(36,17) (37,17) 18
(37,17) (36,17) 160
(37,17) (38,17) 155
(38,17) (37,17) 142
(38,17) (39,17) 21
(39,17) (38,17) 129
(39,17) (40,17) 168
(40,17) (39,17) 132
(1,18) (2,18) 129
(2,18) (1,18) 193
(2,18) (3,18) 162
(3,18) (2,18) 77
(3,18) (4,18) 193
(4,18) (3,18) 139
(4,18) (5,18) 20
(5,18) (4,18) 192
(5,18) (6,18) 40
(6,18) (5,18) 10
(6,18) (7,18) 91
(7,18) (6,18) 29
(7,18) (8,18) 183
(8,18) (7,18) 124
(8,18) (9,18) 35
(9,18) (8,18) 19
(9,18) (10,18) 155
(10,18) (9,18) 105
(10,18) (11,18) 44
(11,18) (10,18) 82
(11,18) (12,18) 3
(12,18) (11,18) 151
(12,18) (13,18) 35
(13,18) (12,18) 142
(13,18) (14,18) 71
(14,18) (13,18) 92
(14,18) (15,18) 54
(15,18) (14,18) 20
(15,18) (16,18) 187
(16,18) (15,18) 150
(16,18) (17,18) 88
(17,18) (16,18) 188
(17,18) (18,18) 123
(18,18) (17,18) 138
(18,18) (19,18) 186
(19,18) (18,18) 115
(19,18) (20,18) 98
(20,18) (19,18) 167
(20,18) (21,18) 138
(21,18) (20,18) 172
(21,18) (22,18) 91
(22,18) (21,18) 174
(22,18) (23,18) 133
(23,18) (22,18) 3
(23,18) (24,18) 168
(24,18) (23,18) 177
(24,18) (25,18) 56
(25,18) (24,18) 6
(25,18) (26,18) 80
(26,18) (25,18) 189
(26,18) (27,18) 108
(27,18) (26,18) 128
(27,18) (28,18) 170
(28,18) (27,18) 125
(28,18) (29,18) 200
(29,18) (28,18) 186
(29,18) (30,18) 56
(30,18) (29,18) 180
(30,18) (31,18) 24
(31,18) (30,18) 176
(31,18) (32,18) 144
(32,18) (31,18) 151
(32,18) (33,18) 43
(33,18) (32,18) 110
(33,18) (34,18) 116
(34,18) (33,18) 13
(34,18) (35,18) 3
(35,18) (34,18) 101
(35,18) (36,18) 161
(36,18) (35,18) 147
(36,18) (37,18) 70
(37,18) (36,18) 167
(37,18) (38,18) 156
(38,18) (37,18) 80
(38,18) (39,18) 65
(39,18) (38,18) 154
(39,18) (40,18) 120
(40,18) (39,18) 2
(1,19) (2,19) 155
(2,19) (1,19) 52
(2,19) (3,19) 77
(3,19) (2,19) 28
(3,19) (4,19) 63
(4,19) (3,19) 91
(4,19) (5,19) 42
(5,19) (4,19) 61
(5,19) (6,19) 140
(6,19) (5,19) 111
(6,19) (7,19) 107
(7,19) (6,19) 77
(7,19) (8,19) 199
(8,19) (7,19) 183
(8,19) (9,19) 117
(9,19) (8,19) 14
(9,19) (10,19) 56
(10,19) (9,19) 197
(10,19) (11,19) 22
(11,19) (10,19) 53
(11,19) (12,19) 58
(12,19) (11,19) 63
(12,19) (13,19) 26
(13,19) (12,19) 83
(13,19) (14,19) 51
(14,19) (13,19) 195
(14,19) (15,19) 1
(15,19) (14,19) 173
(15,19) (16,19) 27
(16,19) (15,19) 78
(16,19) (17,19) 196
(17,19) (16,19) 148
(17,19) (18,19) 90
(18,19) (17,19) 193
(18,19) (19,19) 29
(19,19) (18,19) 10
(19,19) (20,19) 194
(20,19) (19,19) 152
(20,19) (21,19) 78
(21,19) (20,19) 10
(21,19) (22,19) 108
(22,19) (21,19) 64
(22,19) (23,19) 146
(23,19) (22,19) 154
(23,19) (24,19) 142
(24,19) (23,19) 45
(24,19) (25,19) 137
(25,19) (24,19) 184
(25,19) (26,19) 50
(26,19) (25,19) 61
(26,19) (27,19) 199
(27,19) (26,19) 86
(27,19) (28,19) 9
(28,19) (27,19) 125
(28,19) (29,19) 179
(29,19) (28,19) 99
(29,19) (30,19) 142
(30,19) (29,19) 165
(30,19) (31,19) 92
(31,19) (30,19) 56
(31,19) (32,19) 176
(32,19) (31,19) 138
(32,19) (33,19) 95
(33,19) (32,19) 195
(33,19) (34,19) 15
(34,19) (33,19) 185
(34,19) (35,19) 110
(35,19) (34,19) 163
(35,19) (36,19) 168
(36,19) (35,19) 139
(36,19) (37,19) 3
(37,19) (36,19) 98
(37,19) (38,19) 83
(38,19) (37,19) 185
(38,19) (39,19) 155
(39,19) (38,19) 200
(39,19) (40,19) 122
(40,19) (39,19) 37
(1,20) (2,20) 125
(2,20) (1,20) 41
(2,20) (3,20) 116
(3,20) (2,20) 98
(3,20) (4,20) 113
(4,20) (3,20) 181
(4,20) (5,20) 95
(5,20) (4,20) 2
(5,20) (6,20) 173
(6,20) (5,20) 23
(6,20) (7,20) 139
(7,20) (6,20) 50
(7,20) (8,20) 139
(8,20) (7,20) 133
(8,20) (9,20) 3
(9,20) (8,20) 75
(9,20) (10,20) 63
(10,20) (9,20) 180
(10,20) (11,20) 71
(11,20) (10,20) 16
(11,20) (12,20) 27
(12,20) (11,20) 84
(12,20) (13,20) 21
(13,20) (12,20) 39
(13,20) (14,20) 61
(14,20) (13,20) 95
(14,20) (15,20) 175
(15,20) (14,20) 30
(15,20) (16,20) 113
(16,20) (15,20) 106
(16,20) (17,20) 53
(17,20) (16,20) 108
(17,20) (18,20) 152
(18,20) (17,20) 101
(18,20) (19,20) 67
(19,20) (18,20) 17
(19,20) (20,20) 82
(20,20) (19,20) 109
(20,20) (21,20) 157
(21,20) (20,20) 26
(21,20) (22,20) 63
(22,20) (21,20) 75
(22,20) (23,20) 22
(23,20) (22,20) 29
(23,20) (24,20) 65
(24,20) (23,20) 49
(24,20) (25,20) 169
(25,20) (24,20) 5
(25,20) (26,20) 61
(26,20) (25,20) 56
(26,20) (27,20) 198
(27,20) (26,20) 107
(27,20) (28,20) 89
(28,20) (27,20) 81
(28,20) (29,20) 166
(29,20) (28,20) 97
(29,20) (30,20) 159
(30,20) (29,20) 158
(30,20) (31,20) 74
(31,20) (30,20) 60
(31,20) (32,20) 135
(32,20) (31,20) 12
(32,20) (33,20) 117
(33,20) (32,20) 125
(33,20) (34,20) 147
(34,20) (33,20) 64
(34,20) (35,20) 35
(35,20) (34,20) 188
(35,20) (36,20) 172
(36,20) (35,20) 107
(36,20) (37,20) 169
(37,20) (36,20) 99
(37,20) (38,20) 123
(38,20) (37,20) 91
(38,20) (39,20) 27
(39,20) (38,20) 154
(39,20) (40,20) 129
(40,20) (39,20) 95
(1,20) t 44
(2,20) t 51
(3,20) t 167
(4,20) t 6
(5,20) t 184
(6,20) t 60
(7,20) t 154
(8,20) t 61
(9,20) t 150
(10,20) t 29
(11,20) t 126
(12,20) t 75
(13,20) t 193
(14,20) t 21
(15,20) t 83
(16,20) t 139
(17,20) t 182
(18,20) t 110
(19,20) t 85
(20,20) t 86
(21,20) t 47
(22,20) t 97
(23,20) t 117
(24,20) t 42
(25,20) t 198
(26,20) t 127
(27,20) t 149
(28,20) t 19
(29,20) t 189
(30,20) t 37
(31,20) t 9
(32,20) t 27
(33,20) t 130
(34,20) t 171
(35,20) t 57
(36,20) t 161
(37,20) t 137
(38,20) t 81
(39,20) t 115
(40,20) t 44
